 &plot nbnd=  42, nks=    91 /
            0.000000  0.000000  0.000000
  -68.358  -68.309  -35.382  -34.778  -34.483  -34.483  -34.414  -34.414  -20.021  -20.007
  -19.983  -19.983  -19.978  -19.978  -19.950  -19.950  -19.944  -19.944  -19.931  -19.926
  -19.867  -19.865  -13.299   -7.708   -4.462   -4.462   -1.954   -1.017   -0.802   -0.279
   -0.279    1.660    1.660    2.808    2.808    3.496    4.168    4.383    4.633    5.112
    5.385    6.314
            0.021357 -0.000000  0.000000
  -68.358  -68.309  -35.382  -34.778  -34.486  -34.484  -34.417  -34.415  -20.020  -20.007
  -19.983  -19.983  -19.978  -19.978  -19.951  -19.950  -19.944  -19.944  -19.931  -19.925
  -19.867  -19.865  -13.293   -7.696   -4.482   -4.460   -1.947   -1.027   -0.791   -0.292
   -0.270    1.632    1.651    2.811    2.822    3.539    4.179    4.393    4.642    5.121
    5.396    6.323
            0.042714 -0.000000  0.000000
  -68.357  -68.309  -35.380  -34.779  -34.493  -34.487  -34.424  -34.416  -20.020  -20.007
  -19.984  -19.983  -19.978  -19.978  -19.951  -19.950  -19.944  -19.944  -19.930  -19.925
  -19.867  -19.866  -13.274   -7.660   -4.538   -4.454   -1.928   -1.058   -0.759   -0.331
   -0.241    1.561    1.624    2.823    2.855    3.661    4.211    4.423    4.668    5.147
    5.430    6.349
            0.064070 -0.000000  0.000000
  -68.356  -68.308  -35.376  -34.780  -34.505  -34.492  -34.434  -34.418  -20.020  -20.007
  -19.984  -19.983  -19.978  -19.977  -19.951  -19.950  -19.944  -19.943  -19.929  -19.924
  -19.868  -19.866  -13.244   -7.601   -4.626   -4.445   -1.899   -1.105   -0.708   -0.399
   -0.193    1.478    1.579    2.848    2.895    3.839    4.263    4.476    4.711    5.191
    5.484    6.392
            0.085427 -0.000000  0.000000
  -68.355  -68.307  -35.372  -34.783  -34.520  -34.500  -34.448  -34.421  -20.019  -20.006
  -19.984  -19.984  -19.978  -19.977  -19.952  -19.950  -19.944  -19.943  -19.928  -19.923
  -19.869  -19.867  -13.202   -7.520   -4.739   -4.434   -1.865   -1.164   -0.640   -0.495
   -0.127    1.409    1.517    2.892    2.933    4.047    4.332    4.556    4.770    5.253
    5.557    6.451
            0.106784 -0.000000  0.000000
  -68.353  -68.306  -35.366  -34.786  -34.539  -34.512  -34.463  -34.425  -20.019  -20.006
  -19.985  -19.984  -19.978  -19.977  -19.952  -19.950  -19.944  -19.943  -19.927  -19.922
  -19.870  -19.869  -13.149   -7.418   -4.871   -4.424   -1.830   -1.230   -0.618   -0.558
   -0.045    1.369    1.443    2.958    2.968    4.254    4.419    4.672    4.846    5.334
    5.647    6.528
            0.128141 -0.000000  0.000000
  -68.351  -68.305  -35.359  -34.791  -34.560  -34.530  -34.477  -34.430  -20.018  -20.006
  -19.986  -19.984  -19.978  -19.976  -19.953  -19.950  -19.944  -19.943  -19.926  -19.921
  -19.872  -19.870  -13.087   -7.297   -5.015   -4.417   -1.798   -1.296   -0.760   -0.466
    0.049    1.363    1.367    2.997    3.047    4.435    4.522    4.833    4.938    5.436
    5.752    6.620
            0.149497 -0.000000  0.000000
  -68.349  -68.304  -35.351  -34.797  -34.583  -34.554  -34.490  -34.437  -20.017  -20.005
  -19.986  -19.985  -19.978  -19.975  -19.954  -19.950  -19.944  -19.942  -19.924  -19.919
  -19.873  -19.872  -13.017   -7.158   -5.165   -4.417   -1.770   -1.362   -0.908   -0.367
    0.145    1.302    1.391    3.017    3.157    4.587    4.641    5.028    5.046    5.561
    5.873    6.726
            0.170854 -0.000000  0.000000
  -68.346  -68.302  -35.343  -34.805  -34.606  -34.583  -34.502  -34.445  -20.016  -20.004
  -19.987  -19.985  -19.978  -19.975  -19.955  -19.950  -19.944  -19.942  -19.922  -19.917
  -19.875  -19.874  -12.939   -7.003   -5.318   -4.425   -1.748   -1.429   -1.044   -0.262
    0.230    1.268    1.449    3.028    3.288    4.724    4.776    5.170    5.231    5.709
    6.007    6.842
            0.192211 -0.000000  0.000000
  -68.343  -68.300  -35.333  -34.816  -34.630  -34.614  -34.514  -34.454  -20.015  -20.004
  -19.988  -19.986  -19.978  -19.974  -19.956  -19.949  -19.944  -19.941  -19.920  -19.915
  -19.877  -19.876  -12.856   -6.836   -5.467   -4.445   -1.731   -1.515   -1.140   -0.157
    0.283    1.289    1.533    3.028    3.435    4.860    4.926    5.310    5.426    5.876
    6.156    6.851
            0.213568 -0.000000  0.000000
  -68.340  -68.299  -35.323  -34.831  -34.651  -34.648  -34.526  -34.465  -20.013  -20.003
  -19.989  -19.986  -19.978  -19.974  -19.957  -19.949  -19.944  -19.941  -19.918  -19.913
  -19.879  -19.878  -12.769   -6.658   -5.612   -4.478   -1.718   -1.630   -1.173   -0.060
    0.301    1.380    1.638    3.018    3.598    5.000    5.092    5.466    5.611    6.055
    6.318    6.844
            0.234924 -0.000000  0.000000
  -68.336  -68.297  -35.313  -34.849  -34.683  -34.670  -34.539  -34.476  -20.012  -20.003
  -19.989  -19.987  -19.978  -19.973  -19.958  -19.949  -19.944  -19.940  -19.915  -19.911
  -19.882  -19.881  -12.679   -6.473   -5.749   -4.526   -1.762   -1.710   -1.148    0.003
    0.314    1.538    1.760    3.000    3.773    5.146    5.273    5.638    5.789    6.235
    6.492    6.833
            0.256281 -0.000000  0.000000
  -68.333  -68.295  -35.302  -34.870  -34.718  -34.687  -34.553  -34.489  -20.011  -20.002
  -19.990  -19.988  -19.978  -19.973  -19.959  -19.949  -19.944  -19.940  -19.913  -19.909
  -19.884  -19.883  -12.588   -6.285   -5.877   -4.586   -1.894   -1.703   -1.078   -0.006
    0.374    1.745    1.893    2.975    3.960    5.298    5.468    5.825    5.965    6.406
    6.673    6.828
            0.277638 -0.000000  0.000000
  -68.329  -68.293  -35.292  -34.894  -34.753  -34.701  -34.567  -34.502  -20.010  -20.001
  -19.991  -19.989  -19.978  -19.973  -19.960  -19.949  -19.943  -19.940  -19.910  -19.906
  -19.886  -19.886  -12.497   -6.096   -5.993   -4.656   -2.015   -1.697   -0.973   -0.072
    0.482    1.987    2.030    2.951    4.156    5.456    5.677    6.027    6.137    6.566
    6.776    6.916
            0.298995 -0.000000  0.000000
  -68.326  -68.291  -35.282  -34.919  -34.786  -34.713  -34.582  -34.517  -20.008  -20.001
  -19.991  -19.989  -19.978  -19.972  -19.960  -19.949  -19.943  -19.939  -19.908  -19.904
  -19.889  -19.888  -12.408   -6.098   -5.910   -4.735   -2.118   -1.690   -0.840   -0.163
    0.613    2.158    2.252    2.939    4.362    5.617    5.898    6.244    6.302    6.717
    6.776    7.121
            0.320351 -0.000000  0.000000
  -68.322  -68.289  -35.273  -34.945  -34.816  -34.724  -34.598  -34.532  -20.007  -20.000
  -19.992  -19.990  -19.979  -19.972  -19.961  -19.949  -19.942  -19.939  -19.905  -19.902
  -19.891  -19.891  -12.322   -6.190   -5.733   -4.818   -2.199   -1.681   -0.686   -0.262
    0.756    2.260    2.531    2.956    4.577    5.780    6.129    6.444    6.471    6.770
    6.868    7.350
            0.341708 -0.000000  0.000000
  -68.318  -68.288  -35.264  -34.970  -34.845  -34.734  -34.614  -34.548  -20.006  -20.000
  -19.992  -19.991  -19.979  -19.972  -19.962  -19.949  -19.942  -19.939  -19.903  -19.899
  -19.893  -19.893  -12.239   -6.269   -5.569   -4.901   -2.254   -1.668   -0.518   -0.360
    0.907    2.318    2.817    3.019    4.799    5.938    6.354    6.549    6.676    6.809
    7.039    7.594
            0.363065 -0.000000  0.000000
  -68.315  -68.286  -35.255  -34.994  -34.870  -34.743  -34.631  -34.564  -20.005  -20.000
  -19.992  -19.991  -19.979  -19.972  -19.963  -19.948  -19.941  -19.939  -19.900  -19.897
  -19.895  -19.895  -12.160   -6.334   -5.428   -4.975   -2.280   -1.650   -0.455   -0.344
    1.062    2.333    3.100    3.125    5.027    6.085    6.503    6.617    6.798    7.020
    7.239    7.852
            0.384422 -0.000000  0.000000
  -68.311  -68.285  -35.248  -35.016  -34.892  -34.752  -34.647  -34.581  -20.003  -19.999
  -19.992  -19.992  -19.979  -19.972  -19.963  -19.948  -19.940  -19.939  -19.899  -19.898
  -19.897  -19.895  -12.087   -6.387   -5.331   -5.021   -2.277   -1.627   -0.541   -0.172
    1.220    2.323    3.255    3.371    5.259    6.200    6.503    6.674    7.020    7.293
    7.462    8.124
            0.405778 -0.000000  0.000000
  -68.308  -68.284  -35.241  -35.036  -34.912  -34.762  -34.664  -34.598  -20.002  -19.999
  -19.992  -19.992  -19.980  -19.972  -19.964  -19.948  -19.940  -19.939  -19.900  -19.900
  -19.895  -19.893  -12.019   -6.426   -5.314   -5.003   -2.243   -1.599   -0.616   -0.012
    1.379    2.306    3.385    3.620    5.488    6.258    6.440    6.758    7.301    7.587
    7.701    8.328
            0.427135 -0.000000  0.000000
  -68.304  -68.283  -35.234  -35.053  -34.929  -34.771  -34.680  -34.616  -20.001  -19.999
  -19.992  -19.992  -19.980  -19.973  -19.964  -19.948  -19.939  -19.939  -19.902  -19.902
  -19.893  -19.891  -11.957   -6.454   -5.361   -4.934   -2.180   -1.568   -0.679    0.127
    1.538    2.297    3.498    3.830    5.700    6.252    6.370    6.887    7.606    7.897
    7.943    8.489
            0.448492 -0.000000  0.000000
  -68.301  -68.282  -35.228  -35.067  -34.943  -34.781  -34.695  -34.633  -20.000  -19.999
  -19.992  -19.991  -19.981  -19.973  -19.965  -19.947  -19.939  -19.939  -19.904  -19.903
  -19.891  -19.889  -11.901   -6.469   -5.431   -4.856   -2.093   -1.535   -0.727    0.238
    1.693    2.300    3.580    3.985    5.858    6.209    6.349    7.051    7.927    8.171
    8.222    8.672
            0.469849 -0.000000  0.000000
  -68.298  -68.281  -35.220  -35.078  -34.956  -34.791  -34.709  -34.650  -19.999  -19.999
  -19.992  -19.991  -19.981  -19.973  -19.965  -19.947  -19.940  -19.938  -19.905  -19.905
  -19.890  -19.888  -11.851   -6.473   -5.507   -4.784   -1.984   -1.501   -0.760    0.318
    1.842    2.318    3.625    4.064    5.922    6.157    6.438    7.234    8.258    8.371
    8.557    8.903
            0.491205 -0.000000  0.000000
  -68.296  -68.281  -35.212  -35.086  -34.969  -34.801  -34.721  -34.666  -19.999  -19.998
  -19.992  -19.990  -19.982  -19.974  -19.965  -19.947  -19.940  -19.938  -19.907  -19.906
  -19.888  -19.887  -11.807   -6.466   -5.583   -4.720   -1.861   -1.468   -0.778    0.366
    1.982    2.344    3.633    4.053    5.945    6.117    6.600    7.419    8.551    8.584
    8.895    9.187
            0.512562 -0.000000  0.000000
  -68.293  -68.280  -35.201  -35.091  -34.982  -34.811  -34.731  -34.682  -20.000  -19.997
  -19.992  -19.989  -19.982  -19.974  -19.966  -19.946  -19.940  -19.938  -19.908  -19.908
  -19.887  -19.885  -11.770   -6.448   -5.660   -4.664   -1.730   -1.435   -0.786    0.388
    2.108    2.368    3.610    3.962    5.989    6.103    6.766    7.591    8.741    8.858
    9.222    9.511
            0.533919 -0.000000  0.000000
  -68.291  -68.280  -35.189  -35.094  -34.995  -34.820  -34.739  -34.697  -20.000  -19.996
  -19.992  -19.989  -19.983  -19.975  -19.966  -19.946  -19.941  -19.938  -19.909  -19.909
  -19.886  -19.885  -11.738   -6.420   -5.735   -4.615   -1.596   -1.402   -0.790    0.391
    2.215    2.382    3.568    3.819    6.062    6.123    6.895    7.733    8.963    8.984
    9.544    9.736
            0.555276 -0.000000  0.000000
  -68.289  -68.281  -35.175  -35.097  -35.010  -34.828  -34.744  -34.711  -20.000  -19.995
  -19.992  -19.988  -19.983  -19.975  -19.966  -19.945  -19.941  -19.938  -19.910  -19.910
  -19.885  -19.884  -11.712   -6.381   -5.810   -4.573   -1.468   -1.367   -0.799    0.382
    2.295    2.381    3.521    3.665    6.155    6.178    6.959    7.837    9.013    9.221
    9.751    9.950
            0.576632 -0.000000  0.000000
  -68.287  -68.281  -35.158  -35.098  -35.025  -34.833  -34.747  -34.723  -20.000  -19.995
  -19.992  -19.987  -19.984  -19.975  -19.967  -19.944  -19.942  -19.938  -19.911  -19.910
  -19.884  -19.883  -11.692   -6.333   -5.886   -4.538   -1.348   -1.328   -0.824    0.367
    2.343    2.369    3.476    3.532    6.255    6.263    6.944    7.906    9.068    9.500
    9.745   10.343
            0.597989 -0.000000  0.000000
  -68.286  -68.282  -35.140  -35.100  -35.041  -34.837  -34.749  -34.734  -20.000  -19.994
  -19.992  -19.986  -19.984  -19.976  -19.967  -19.944  -19.942  -19.938  -19.911  -19.911
  -19.884  -19.883  -11.678   -6.274   -5.963   -4.512   -1.282   -1.241   -0.876    0.352
    2.352    2.359    3.438    3.443    6.354    6.367    6.856    7.948    9.171    9.726
    9.760   10.285
            0.619346 -0.000000  0.000000
  -68.284  -68.282  -35.121  -35.103  -35.056  -34.838  -34.749  -34.742  -20.000  -19.993
  -19.992  -19.986  -19.985  -19.976  -19.967  -19.943  -19.943  -19.938  -19.911  -19.911
  -19.883  -19.883  -11.670   -6.204   -6.043   -4.495   -1.232   -1.147   -0.961    0.341
    2.342    2.353    3.400    3.409    6.449    6.474    6.719    7.974    9.276    9.755
    9.943   10.086
            0.640703 -0.000000  0.000000
  -68.283  -68.283  -35.108  -35.108  -35.064  -34.839  -34.747  -34.747  -20.000  -19.993
  -19.993  -19.985  -19.985  -19.976  -19.967  -19.943  -19.943  -19.938  -19.911  -19.911
  -19.883  -19.883  -11.667   -6.125   -6.125   -4.489   -1.194   -1.063   -1.063    0.337
    2.343    2.343    3.394    3.394    6.528    6.568    6.568    7.985    9.316    9.888
    9.888   10.006
            0.635363 -0.009248  0.000000
  -68.284  -68.283  -35.111  -35.108  -35.062  -34.839  -34.747  -34.746  -20.000  -19.993
  -19.992  -19.985  -19.985  -19.976  -19.967  -19.943  -19.943  -19.938  -19.911  -19.911
  -19.883  -19.883  -11.668   -6.168   -6.082   -4.490   -1.220   -1.081   -1.024    0.338
    2.341    2.348    3.393    3.400    6.466    6.588    6.604    7.981    9.308    9.801
    9.988    9.996
            0.630024 -0.018495  0.000000
  -68.284  -68.282  -35.115  -35.112  -35.054  -34.839  -34.746  -34.744  -20.000  -19.993
  -19.992  -19.986  -19.985  -19.976  -19.967  -19.943  -19.943  -19.938  -19.911  -19.911
  -19.883  -19.883  -11.670   -6.211   -6.036   -4.495   -1.289   -1.061   -0.986    0.342
    2.341    2.355    3.397    3.411    6.383    6.629    6.632    7.967    9.290    9.725
    9.969   10.097
            0.624685 -0.027743  0.000000
  -68.285  -68.282  -35.119  -35.119  -35.043  -34.840  -34.743  -34.743  -20.000  -19.993
  -19.992  -19.986  -19.985  -19.976  -19.967  -19.943  -19.943  -19.938  -19.911  -19.911
  -19.883  -19.883  -11.673   -6.256   -5.987   -4.503   -1.378   -1.027   -0.948    0.349
    2.344    2.364    3.406    3.424    6.300    6.651    6.669    7.938    9.264    9.663
    9.935   10.207
            0.619346 -0.036991  0.000000
  -68.286  -68.282  -35.127  -35.124  -35.031  -34.841  -34.741  -34.739  -20.000  -19.994
  -19.992  -19.986  -19.984  -19.976  -19.967  -19.943  -19.943  -19.938  -19.911  -19.911
  -19.883  -19.883  -11.677   -6.302   -5.937   -4.514   -1.476   -0.988   -0.909    0.359
    2.349    2.373    3.422    3.440    6.221    6.661    6.708    7.891    9.233    9.615
    9.901   10.307
            0.614007 -0.046239  0.000000
  -68.286  -68.281  -35.136  -35.128  -35.018  -34.843  -34.739  -34.733  -20.000  -19.994
  -19.992  -19.986  -19.984  -19.975  -19.967  -19.943  -19.943  -19.938  -19.911  -19.911
  -19.884  -19.883  -11.683   -6.349   -5.884   -4.527   -1.582   -0.946   -0.868    0.372
    2.355    2.382    3.445    3.458    6.146    6.661    6.746    7.822    9.199    9.578
    9.876   10.384
            0.608668 -0.055486  0.000000
  -68.287  -68.281  -35.144  -35.134  -35.004  -34.846  -34.737  -34.725  -20.000  -19.994
  -19.992  -19.987  -19.984  -19.975  -19.967  -19.943  -19.943  -19.937  -19.911  -19.910
  -19.884  -19.883  -11.690   -6.397   -5.829   -4.544   -1.692   -0.901   -0.826    0.389
    2.361    2.390    3.475    3.478    6.077    6.654    6.783    7.731    9.162    9.544
    9.872   10.425
            0.603328 -0.064734  0.000000
  -68.287  -68.281  -35.153  -35.139  -34.991  -34.849  -34.735  -34.717  -20.001  -19.995
  -19.991  -19.987  -19.984  -19.975  -19.967  -19.943  -19.943  -19.937  -19.911  -19.910
  -19.884  -19.883  -11.697   -6.446   -5.772   -4.563   -1.805   -0.854   -0.782    0.411
    2.364    2.397    3.500    3.511    6.014    6.639    6.819    7.619    9.123    9.504
    9.894   10.424
            0.597989 -0.073982  0.000000
  -68.288  -68.281  -35.162  -35.145  -34.977  -34.852  -34.733  -34.707  -20.001  -19.995
  -19.991  -19.987  -19.984  -19.975  -19.966  -19.944  -19.943  -19.937  -19.911  -19.909
  -19.884  -19.884  -11.706   -6.496   -5.712   -4.584   -1.920   -0.806   -0.736    0.437
    2.365    2.402    3.523    3.552    5.960    6.619    6.852    7.488    9.082    9.455
    9.940   10.393
            0.592650 -0.083230  0.000000
  -68.289  -68.281  -35.171  -35.150  -34.963  -34.855  -34.731  -34.697  -20.001  -19.995
  -19.991  -19.987  -19.984  -19.975  -19.966  -19.944  -19.943  -19.936  -19.910  -19.909
  -19.885  -19.884  -11.715   -6.547   -5.651   -4.607   -2.035   -0.756   -0.688    0.468
    2.363    2.405    3.547    3.599    5.915    6.593    6.884    7.342    9.039    9.401
   10.001   10.344
            0.587311 -0.092477  0.000000
  -68.289  -68.281  -35.179  -35.156  -34.949  -34.859  -34.729  -34.686  -20.002  -19.995
  -19.991  -19.988  -19.984  -19.974  -19.966  -19.944  -19.943  -19.936  -19.910  -19.909
  -19.885  -19.884  -11.725   -6.598   -5.589   -4.631   -2.151   -0.706   -0.638    0.504
    2.355    2.407    3.571    3.650    5.879    6.564    6.914    7.185    8.996    9.344
   10.066   10.289
            0.581972 -0.101725  0.000000
  -68.290  -68.280  -35.187  -35.162  -34.935  -34.863  -34.727  -34.675  -20.002  -19.995
  -19.991  -19.988  -19.984  -19.974  -19.966  -19.944  -19.943  -19.936  -19.910  -19.908
  -19.885  -19.884  -11.736   -6.649   -5.524   -4.656   -2.266   -0.654   -0.587    0.547
    2.343    2.408    3.596    3.704    5.854    6.530    6.942    7.020    8.952    9.285
   10.125   10.230
            0.576632 -0.110973  0.000000
  -68.290  -68.280  -35.195  -35.168  -34.922  -34.866  -34.725  -34.663  -20.003  -19.995
  -19.992  -19.988  -19.984  -19.974  -19.965  -19.945  -19.943  -19.935  -19.909  -19.908
  -19.885  -19.884  -11.747   -6.701   -5.459   -4.682   -2.379   -0.603   -0.536    0.596
    2.325    2.409    3.620    3.758    5.840    6.491    6.852    6.968    8.907    9.227
   10.165   10.168
            0.571293 -0.120221  0.000000
  -68.291  -68.280  -35.203  -35.174  -34.909  -34.870  -34.722  -34.651  -20.003  -19.995
  -19.992  -19.988  -19.984  -19.973  -19.965  -19.945  -19.943  -19.935  -19.909  -19.907
  -19.886  -19.885  -11.759   -6.752   -5.393   -4.708   -2.490   -0.552   -0.485    0.653
    2.302    2.408    3.643    3.812    5.837    6.441    6.690    6.991    8.863    9.169
   10.088   10.141
            0.565954 -0.129468  0.000000
  -68.292  -68.280  -35.211  -35.179  -34.896  -34.873  -34.720  -34.639  -20.004  -19.996
  -19.992  -19.988  -19.984  -19.973  -19.965  -19.945  -19.943  -19.935  -19.909  -19.907
  -19.886  -19.885  -11.770   -6.803   -5.325   -4.734   -2.598   -0.501   -0.435    0.717
    2.275    2.408    3.664    3.864    5.845    6.361    6.556    7.012    8.819    9.113
    9.987   10.081
            0.560615 -0.138716  0.000000
  -68.292  -68.280  -35.218  -35.184  -34.884  -34.877  -34.718  -34.628  -20.004  -19.996
  -19.992  -19.988  -19.984  -19.973  -19.965  -19.945  -19.943  -19.934  -19.908  -19.906
  -19.886  -19.885  -11.782   -6.852   -5.258   -4.759   -2.704   -0.452   -0.387    0.790
    2.245    2.409    3.683    3.913    5.865    6.227    6.476    7.029    8.776    9.060
    9.880   10.028
            0.555276 -0.147964  0.000000
  -68.293  -68.280  -35.224  -35.190  -34.880  -34.872  -34.715  -34.616  -20.005  -19.996
  -19.992  -19.988  -19.985  -19.973  -19.964  -19.946  -19.943  -19.934  -19.908  -19.906
  -19.886  -19.885  -11.794   -6.901   -5.189   -4.784   -2.805   -0.403   -0.342    0.871
    2.210    2.409    3.700    3.955    5.894    6.063    6.429    7.043    8.733    9.009
    9.771    9.980
            0.549936 -0.157212  0.000000
  -68.293  -68.280  -35.231  -35.195  -34.883  -34.861  -34.713  -34.605  -20.005  -19.996
  -19.992  -19.989  -19.985  -19.972  -19.964  -19.946  -19.943  -19.934  -19.908  -19.905
  -19.887  -19.886  -11.806   -6.948   -5.122   -4.808   -2.903   -0.356   -0.299    0.960
    2.174    2.411    3.714    3.990    5.891    5.933    6.395    7.054    8.693    8.960
    9.664    9.935
            0.544597 -0.166459  0.000000
  -68.294  -68.280  -35.237  -35.199  -34.886  -34.851  -34.710  -34.595  -20.006  -19.996
  -19.992  -19.989  -19.985  -19.972  -19.964  -19.946  -19.943  -19.933  -19.907  -19.905
  -19.887  -19.886  -11.817   -6.994   -5.054   -4.831   -2.996   -0.312   -0.260    1.058
    2.136    2.413    3.726    4.014    5.722    5.980    6.367    7.060    8.654    8.915
    9.560    9.893
            0.539258 -0.175707  0.000000
  -68.294  -68.280  -35.242  -35.204  -34.889  -34.841  -34.708  -34.585  -20.006  -19.996
  -19.992  -19.989  -19.985  -19.972  -19.964  -19.946  -19.943  -19.933  -19.907  -19.904
  -19.887  -19.886  -11.829   -7.037   -4.987   -4.852   -3.086   -0.269   -0.225    1.163
    2.098    2.417    3.735    4.025    5.560    6.034    6.343    7.063    8.617    8.873
    9.460    9.854
            0.533919 -0.184955  0.000000
  -68.295  -68.281  -35.247  -35.208  -34.891  -34.833  -34.706  -34.575  -20.007  -19.996
  -19.992  -19.989  -19.985  -19.972  -19.964  -19.946  -19.943  -19.933  -19.907  -19.904
  -19.887  -19.886  -11.839   -7.077   -4.922   -4.872   -3.170   -0.230   -0.193    1.276
    2.060    2.422    3.743    4.018    5.410    6.094    6.324    7.061    8.583    8.834
    9.365    9.817
            0.528580 -0.194203  0.000000
  -68.295  -68.281  -35.252  -35.212  -34.894  -34.825  -34.703  -34.566  -20.007  -19.996
  -19.993  -19.989  -19.985  -19.972  -19.963  -19.947  -19.943  -19.932  -19.906  -19.903
  -19.888  -19.886  -11.849   -7.115   -4.890   -4.858   -3.250   -0.193   -0.165    1.396
    2.023    2.429    3.749    3.992    5.276    6.159    6.308    7.054    8.551    8.798
    9.277    9.784
            0.523241 -0.203450  0.000000
  -68.296  -68.281  -35.256  -35.215  -34.896  -34.818  -34.701  -34.558  -20.008  -19.996
  -19.993  -19.989  -19.985  -19.972  -19.963  -19.947  -19.943  -19.932  -19.906  -19.903
  -19.888  -19.886  -11.858   -7.149   -4.907   -4.797   -3.325   -0.160   -0.140    1.520
    1.988    2.437    3.753    3.941    5.162    6.228    6.296    7.042    8.521    8.766
    9.196    9.753
            0.517901 -0.212698  0.000000
  -68.296  -68.281  -35.260  -35.218  -34.898  -34.811  -34.699  -34.551  -20.008  -19.996
  -19.993  -19.989  -19.985  -19.971  -19.963  -19.947  -19.943  -19.932  -19.906  -19.902
  -19.888  -19.887  -11.867   -7.181   -4.921   -4.738   -3.394   -0.130   -0.118    1.649
    1.955    2.449    3.756    3.865    5.071    6.286    6.298    7.026    8.495    8.738
    9.123    9.725
            0.512562 -0.221946  0.000000
  -68.296  -68.281  -35.263  -35.221  -34.900  -34.806  -34.697  -34.545  -20.009  -19.996
  -19.993  -19.989  -19.985  -19.971  -19.963  -19.947  -19.943  -19.932  -19.905  -19.902
  -19.888  -19.887  -11.874   -7.208   -4.934   -4.683   -3.458   -0.104   -0.100    1.778
    1.926    2.464    3.759    3.764    5.001    6.279    6.369    7.004    8.472    8.713
    9.059    9.701
            0.507223 -0.231194  0.000000
  -68.296  -68.281  -35.266  -35.223  -34.901  -34.802  -34.695  -34.539  -20.009  -19.996
  -19.993  -19.989  -19.985  -19.971  -19.963  -19.947  -19.943  -19.932  -19.905  -19.902
  -19.888  -19.887  -11.881   -7.232   -4.945   -4.633   -3.515   -0.085   -0.082    1.901
    1.905    2.487    3.644    3.761    4.951    6.274    6.440    6.977    8.452    8.692
    9.003    9.680
            0.501884 -0.240441  0.000000
  -68.297  -68.281  -35.268  -35.225  -34.902  -34.798  -34.693  -34.535  -20.009  -19.996
  -19.993  -19.989  -19.985  -19.971  -19.963  -19.947  -19.943  -19.932  -19.905  -19.902
  -19.888  -19.887  -11.886   -7.251   -4.954   -4.588   -3.564   -0.073   -0.064    1.879
    2.023    2.523    3.509    3.762    4.916    6.271    6.510    6.944    8.436    8.674
    8.958    9.663
            0.496545 -0.249689  0.000000
  -68.297  -68.281  -35.270  -35.226  -34.903  -34.795  -34.692  -34.531  -20.009  -19.996
  -19.993  -19.989  -19.985  -19.971  -19.963  -19.947  -19.942  -19.932  -19.905  -19.901
  -19.888  -19.887  -11.891   -7.267   -4.961   -4.551   -3.605   -0.064   -0.050    1.862
    2.121    2.579    3.364    3.763    4.893    6.269    6.577    6.907    8.423    8.661
    8.922    9.649
            0.491205 -0.258937  0.000000
  -68.297  -68.281  -35.271  -35.227  -34.904  -34.794  -34.691  -34.529  -20.009  -19.996
  -19.993  -19.989  -19.985  -19.971  -19.963  -19.947  -19.942  -19.931  -19.905  -19.901
  -19.889  -19.887  -11.894   -7.278   -4.966   -4.523   -3.636   -0.057   -0.040    1.850
    2.189    2.665    3.215    3.763    4.878    6.268    6.642    6.864    8.414    8.651
    8.897    9.639
            0.485866 -0.268185  0.000000
  -68.297  -68.281  -35.272  -35.228  -34.904  -34.792  -34.690  -34.527  -20.010  -19.996
  -19.993  -19.989  -19.985  -19.971  -19.963  -19.947  -19.942  -19.931  -19.905  -19.901
  -19.889  -19.887  -11.896   -7.285   -4.969   -4.505   -3.655   -0.053   -0.034    1.842
    2.227    2.778    3.067    3.764    4.870    6.267    6.702    6.817    8.408    8.646
    8.881    9.633
            0.480527 -0.277432  0.000000
  -68.297  -68.281  -35.272  -35.228  -34.904  -34.792  -34.690  -34.527  -20.010  -19.996
  -19.993  -19.989  -19.985  -19.971  -19.963  -19.947  -19.942  -19.931  -19.905  -19.901
  -19.889  -19.887  -11.896   -7.287   -4.970   -4.499   -3.662   -0.052   -0.032    1.840
    2.239    2.881    2.952    3.764    4.867    6.267    6.746    6.777    8.406    8.644
    8.876    9.631
            0.464509 -0.268185  0.000000
  -68.297  -68.281  -35.272  -35.227  -34.904  -34.791  -34.689  -34.526  -20.010  -19.996
  -19.993  -19.989  -19.985  -19.971  -19.963  -19.947  -19.942  -19.931  -19.905  -19.901
  -19.889  -19.887  -11.899   -7.283   -4.971   -4.498   -3.656   -0.079   -0.040    1.842
    2.233    2.874    2.941    3.754    4.841    6.264    6.766    6.805    8.356    8.560
    8.928    9.574
            0.448492 -0.258937  0.000000
  -68.298  -68.281  -35.270  -35.222  -34.903  -34.790  -34.688  -34.525  -20.010  -19.996
  -19.993  -19.989  -19.985  -19.971  -19.963  -19.947  -19.943  -19.932  -19.904  -19.901
  -19.889  -19.888  -11.907   -7.270   -4.974   -4.494   -3.640   -0.148   -0.071    1.844
    2.216    2.855    2.908    3.728    4.767    6.257    6.824    6.885    8.178    8.473
    8.963    9.261
            0.432474 -0.249689  0.000000
  -68.299  -68.281  -35.268  -35.213  -34.902  -34.787  -34.685  -34.523  -20.009  -19.996
  -19.993  -19.989  -19.985  -19.971  -19.963  -19.947  -19.943  -19.932  -19.904  -19.900
  -19.890  -19.888  -11.920   -7.249   -4.980   -4.487   -3.614   -0.253   -0.126    1.834
    2.195    2.829    2.850    3.692    4.650    6.246    6.911    7.009    7.945    8.358
    8.947    8.984
            0.416457 -0.240441  0.000000
  -68.300  -68.281  -35.265  -35.202  -34.899  -34.784  -34.682  -34.521  -20.009  -19.996
  -19.993  -19.989  -19.985  -19.971  -19.963  -19.947  -19.943  -19.932  -19.903  -19.900
  -19.891  -19.889  -11.940   -7.220   -4.991   -4.478   -3.577   -0.386   -0.199    1.802
    2.173    2.766    2.803    3.652    4.499    6.232    7.017    7.154    7.722    8.181
    8.644    8.877
            0.400439 -0.231194  0.000000
  -68.302  -68.282  -35.263  -35.187  -34.895  -34.780  -34.677  -34.518  -20.009  -19.996
  -19.994  -19.988  -19.984  -19.971  -19.963  -19.947  -19.943  -19.932  -19.902  -19.899
  -19.892  -19.890  -11.964   -7.182   -5.007   -4.467   -3.529   -0.538   -0.286    1.744
    2.146    2.657    2.787    3.615    4.323    6.217    7.134    7.224    7.606    7.966
    8.350    8.623
            0.384422 -0.221946  0.000000
  -68.304  -68.282  -35.261  -35.169  -34.889  -34.775  -34.672  -34.515  -20.009  -19.996
  -19.994  -19.988  -19.984  -19.971  -19.963  -19.947  -19.944  -19.933  -19.901  -19.898
  -19.893  -19.891  -11.995   -7.136   -5.030   -4.455   -3.471   -0.700   -0.382    1.664
    2.102    2.524    2.790    3.581    4.130    6.201    7.089    7.254    7.696    7.761
    8.067    8.359
            0.368404 -0.212698  0.000000
  -68.306  -68.283  -35.259  -35.148  -34.880  -34.770  -34.665  -34.511  -20.009  -19.996
  -19.994  -19.988  -19.984  -19.971  -19.963  -19.947  -19.944  -19.933  -19.900  -19.897
  -19.894  -19.892  -12.031   -7.082   -5.064   -4.441   -3.402   -0.865   -0.482    1.568
    2.038    2.374    2.810    3.545    3.931    6.186    6.882    7.370    7.489    7.794
    7.911    8.126
            0.352386 -0.203450  0.000000
  -68.309  -68.284  -35.259  -35.125  -34.869  -34.765  -34.658  -34.506  -20.009  -19.996
  -19.995  -19.988  -19.983  -19.971  -19.962  -19.947  -19.944  -19.934  -19.899  -19.896
  -19.896  -19.893  -12.073   -7.019   -5.109   -4.426   -3.322   -1.025   -0.583    1.460
    1.957    2.211    2.843    3.487    3.752    6.172    6.671    7.254    7.478    7.536
    7.801    8.186
            0.336369 -0.194203  0.000000
  -68.311  -68.285  -35.260  -35.099  -34.855  -34.759  -34.650  -34.501  -20.009  -19.996
  -19.995  -19.988  -19.983  -19.971  -19.962  -19.947  -19.945  -19.934  -19.898  -19.897
  -19.895  -19.895  -12.120   -6.950   -5.168   -4.410   -3.232   -1.172   -0.682    1.344
    1.865    2.041    2.882    3.357    3.645    6.157    6.465    7.025    7.288    7.563
    7.573    8.089
            0.320351 -0.184955  0.000000
  -68.314  -68.286  -35.263  -35.071  -34.838  -34.753  -34.642  -34.496  -20.009  -19.997
  -19.995  -19.987  -19.982  -19.971  -19.962  -19.947  -19.945  -19.935  -19.900  -19.897
  -19.896  -19.893  -12.174   -6.874   -5.242   -4.395   -3.132   -1.302   -0.776    1.220
    1.768    1.868    2.921    3.162    3.604    6.138    6.270    6.809    7.053    7.327
    7.653    7.861
            0.304334 -0.175707  0.000000
  -68.317  -68.287  -35.267  -35.041  -34.819  -34.747  -34.633  -34.490  -20.009  -19.998
  -19.995  -19.987  -19.982  -19.971  -19.962  -19.946  -19.946  -19.936  -19.902  -19.898
  -19.894  -19.892  -12.232   -6.793   -5.331   -4.381   -3.021   -1.411   -0.863    1.092
    1.671    1.696    2.951    2.955    3.585    6.072    6.120    6.613    6.832    7.100
    7.640    7.716
            0.288316 -0.166459  0.000000
  -68.320  -68.289  -35.272  -35.010  -34.797  -34.740  -34.623  -34.484  -20.009  -19.998
  -19.994  -19.987  -19.981  -19.971  -19.961  -19.946  -19.946  -19.936  -19.904  -19.900
  -19.892  -19.890  -12.295   -6.708   -5.432   -4.368   -2.902   -1.496   -0.941    0.959
    1.526    1.578    2.739    2.982    3.572    5.902    6.055    6.448    6.632    6.882
    7.430    7.760
            0.272299 -0.157212  0.000000
  -68.323  -68.290  -35.278  -34.979  -34.773  -34.731  -34.613  -34.478  -20.010  -19.999
  -19.994  -19.986  -19.981  -19.971  -19.961  -19.947  -19.946  -19.937  -19.906  -19.902
  -19.890  -19.889  -12.362   -6.625   -5.539   -4.357   -2.773   -1.559   -1.009    0.824
    1.362    1.490    2.535    2.999    3.560    5.736    5.948    6.310    6.473    6.675
    7.229    7.554
            0.256281 -0.147964  0.000000
  -68.326  -68.292  -35.286  -34.949  -34.750  -34.721  -34.603  -34.472  -20.010  -20.000
  -19.993  -19.986  -19.980  -19.972  -19.960  -19.947  -19.946  -19.938  -19.908  -19.904
  -19.888  -19.887  -12.433   -6.551   -5.643   -4.348   -2.638   -1.601   -1.066    0.688
    1.203    1.410    2.343    3.007    3.546    5.579    5.803    6.156    6.382    6.481
    7.039    7.347
            0.240263 -0.138716  0.000000
  -68.330  -68.293  -35.294  -34.919  -34.729  -34.704  -34.592  -34.466  -20.011  -20.001
  -19.992  -19.986  -19.980  -19.972  -19.960  -19.948  -19.946  -19.938  -19.910  -19.906
  -19.886  -19.885  -12.507   -6.502   -5.725   -4.342   -2.496   -1.624   -1.110    0.551
    1.050    1.339    2.167    3.006    3.529    5.430    5.642    5.989    6.273    6.357
    6.860    7.156
            0.224246 -0.129468  0.000000
  -68.333  -68.295  -35.302  -34.891  -34.712  -34.681  -34.581  -34.460  -20.012  -20.002
  -19.991  -19.986  -19.980  -19.972  -19.959  -19.948  -19.946  -19.939  -19.912  -19.908
  -19.884  -19.883  -12.583   -6.499   -5.762   -4.339   -2.351   -1.632   -1.139    0.416
    0.904    1.280    2.010    2.995    3.507    5.290    5.479    5.824    6.098    6.305
    6.692    6.991
            0.208228 -0.120221  0.000000
  -68.336  -68.296  -35.311  -34.866  -34.696  -34.653  -34.571  -34.454  -20.012  -20.002
  -19.991  -19.985  -19.979  -19.973  -19.958  -19.948  -19.945  -19.940  -19.915  -19.910
  -19.882  -19.881  -12.660   -6.554   -5.738   -4.339   -2.206   -1.629   -1.150    0.283
    0.763    1.232    1.873    2.977    3.478    5.156    5.319    5.666    5.925    6.229
    6.534    6.869
            0.192211 -0.110973  0.000000
  -68.339  -68.298  -35.319  -34.845  -34.678  -34.625  -34.560  -34.449  -20.013  -20.003
  -19.990  -19.985  -19.979  -19.973  -19.957  -19.949  -19.945  -19.940  -19.917  -19.912
  -19.880  -19.879  -12.737   -6.654   -5.663   -4.343   -2.066   -1.619   -1.141    0.152
    0.629    1.197    1.760    2.954    3.444    5.030    5.167    5.519    5.754    6.113
    6.383    6.799
            0.176193 -0.101725  0.000000
  -68.341  -68.299  -35.328  -34.828  -34.658  -34.597  -34.550  -34.443  -20.014  -20.003
  -19.989  -19.985  -19.979  -19.974  -19.957  -19.949  -19.945  -19.941  -19.919  -19.914
  -19.878  -19.877  -12.813   -6.778   -5.558   -4.350   -1.943   -1.600   -1.108    0.026
    0.500    1.176    1.669    2.927    3.402    4.909    5.023    5.381    5.582    5.970
    6.239    6.767
            0.160176 -0.092477  0.000000
  -68.344  -68.301  -35.336  -34.815  -34.636  -34.569  -34.540  -34.438  -20.015  -20.004
  -19.988  -19.985  -19.979  -19.974  -19.956  -19.949  -19.945  -19.941  -19.921  -19.916
  -19.877  -19.875  -12.886   -6.912   -5.435   -4.359   -1.851   -1.563   -1.050   -0.096
    0.377    1.168    1.602    2.898    3.353    4.793    4.888    5.254    5.405    5.819
    6.104    6.749
            0.144158 -0.083230  0.000000
  -68.346  -68.302  -35.344  -34.804  -34.613  -34.543  -34.530  -34.434  -20.016  -20.005
  -19.987  -19.984  -19.979  -19.975  -19.955  -19.949  -19.945  -19.942  -19.922  -19.918
  -19.875  -19.874  -12.956   -7.045   -5.303   -4.371   -1.804   -1.499   -0.969   -0.212
    0.262    1.174    1.557    2.872    3.296    4.681    4.761    5.138    5.220    5.677
    5.978    6.723
            0.128141 -0.073982  0.000000
  -68.349  -68.304  -35.352  -34.797  -34.590  -34.521  -34.518  -34.430  -20.017  -20.005
  -19.987  -19.984  -19.978  -19.975  -19.954  -19.950  -19.944  -19.942  -19.924  -19.919
  -19.873  -19.872  -13.022   -7.172   -5.168   -4.384   -1.795   -1.420   -0.869   -0.321
    0.155    1.194    1.533    2.849    3.234    4.568    4.642    5.018    5.047    5.551
    5.864    6.676
            0.112123 -0.064734  0.000000
  -68.351  -68.305  -35.359  -34.791  -34.567  -34.513  -34.495  -34.426  -20.018  -20.005
  -19.986  -19.984  -19.978  -19.976  -19.953  -19.950  -19.944  -19.942  -19.925  -19.921
  -19.872  -19.870  -13.083   -7.290   -5.034   -4.398   -1.805   -1.338   -0.759   -0.421
    0.058    1.229    1.526    2.831    3.167    4.443    4.534    4.850    4.945    5.443
    5.760    6.610
            0.096105 -0.055486  0.000000
  -68.353  -68.306  -35.365  -34.787  -34.546  -34.506  -34.475  -34.423  -20.018  -20.006
  -19.985  -19.984  -19.978  -19.976  -19.953  -19.950  -19.944  -19.943  -19.927  -19.922
  -19.870  -19.869  -13.138   -7.397   -4.905   -4.413   -1.827   -1.262   -0.654   -0.505
   -0.028    1.279    1.535    2.820    3.097    4.293    4.439    4.702    4.863    5.352
    5.666    6.539
            0.080088 -0.046239  0.000000
  -68.354  -68.307  -35.370  -34.784  -34.528  -34.499  -34.457  -34.420  -20.019  -20.006
  -19.985  -19.984  -19.978  -19.977  -19.952  -19.950  -19.944  -19.943  -19.928  -19.923
  -19.869  -19.868  -13.185   -7.489   -4.784   -4.426   -1.854   -1.194   -0.623   -0.512
   -0.103    1.343    1.554    2.815    3.026    4.118    4.359    4.590    4.794    5.278
    5.585    6.473
            0.064070 -0.036991  0.000000
  -68.356  -68.308  -35.374  -34.781  -34.512  -34.493  -34.442  -34.418  -20.020  -20.007
  -19.984  -19.983  -19.978  -19.977  -19.951  -19.950  -19.944  -19.943  -19.929  -19.924
  -19.868  -19.867  -13.226   -7.566   -4.677   -4.438   -1.883   -1.134   -0.678   -0.435
   -0.166    1.419    1.580    2.814    2.959    3.934    4.293    4.509    4.736    5.217
    5.516    6.417
            0.048053 -0.027743  0.000000
  -68.357  -68.308  -35.378  -34.780  -34.500  -34.489  -34.430  -34.416  -20.020  -20.007
  -19.984  -19.983  -19.978  -19.977  -19.951  -19.950  -19.944  -19.943  -19.930  -19.925
  -19.868  -19.866  -13.257   -7.628   -4.588   -4.448   -1.911   -1.085   -0.730   -0.367
   -0.215    1.502    1.609    2.814    2.899    3.762    4.240    4.452    4.692    5.171
    5.460    6.372
            0.032035 -0.018495  0.000000
  -68.357  -68.309  -35.380  -34.779  -34.490  -34.486  -34.421  -34.415  -20.020  -20.007
  -19.983  -19.983  -19.978  -19.978  -19.951  -19.950  -19.944  -19.944  -19.930  -19.925
  -19.867  -19.866  -13.280   -7.672   -4.520   -4.456   -1.934   -1.048   -0.769   -0.318
   -0.251    1.580    1.635    2.813    2.850    3.621    4.201    4.413    4.659    5.138
    5.419    6.340
            0.016018 -0.009248  0.000000
  -68.358  -68.309  -35.382  -34.778  -34.485  -34.484  -34.416  -34.415  -20.020  -20.007
  -19.983  -19.983  -19.978  -19.978  -19.950  -19.950  -19.944  -19.944  -19.931  -19.925
  -19.867  -19.865  -13.294   -7.699   -4.477   -4.461   -1.949   -1.025   -0.794   -0.289
   -0.272    1.638    1.654    2.810    2.819    3.529    4.177    4.391    4.640    5.119
    5.394    6.321
            0.000000  0.000000  0.000000
  -68.358  -68.309  -35.382  -34.778  -34.483  -34.483  -34.414  -34.414  -20.021  -20.007
  -19.983  -19.983  -19.978  -19.978  -19.950  -19.950  -19.944  -19.944  -19.931  -19.926
  -19.867  -19.865  -13.299   -7.708   -4.462   -4.462   -1.954   -1.017   -0.802   -0.279
   -0.279    1.660    1.660    2.808    2.808    3.496    4.168    4.383    4.633    5.112
    5.385    6.314
