CELL_PARAMETERS (alat=  5.55000000)
   1.050350187  -0.000000853   0.000000000
  -0.525175833   0.909633777   0.000000000
   0.000000000   0.000000000   6.000000000
--
CELL_PARAMETERS (alat=  5.55000000)
   1.049849439  -0.000000773   0.000000000
  -0.524925389   0.909199757   0.000000000
   0.000000000   0.000000000   6.000000000
--
CELL_PARAMETERS (alat=  5.55000000)
   1.049723137  -0.000000690   0.000000000
  -0.524862166   0.909090000   0.000000000
   0.000000000   0.000000000   6.000000000
--
CELL_PARAMETERS (alat=  5.55000000)
   1.049723137  -0.000000690   0.000000000
  -0.524862166   0.909090000   0.000000000
   0.000000000   0.000000000   6.000000000
