CELL_PARAMETERS (alat=  5.55000000)
   1.020233156   0.000070837   0.000000000
  -0.510055231   0.883211186   0.000000000
   0.000000000   0.000000000  10.000000000
--
CELL_PARAMETERS (alat=  5.55000000)
   1.010376984   0.000123067   0.000000000
  -0.505081915   0.874452928   0.000000000
   0.000000000   0.000000000  10.000000000
--
CELL_PARAMETERS (alat=  5.55000000)
   1.003246160   0.000226627   0.000000000
  -0.501426822   0.867832395   0.000000000
   0.000000000   0.000000000  10.000000000
--
CELL_PARAMETERS (alat=  5.55000000)
   1.008366013   0.000152272   0.000000000
  -0.504051139   0.872585864   0.000000000
   0.000000000   0.000000000  10.000000000
--
CELL_PARAMETERS (alat=  5.55000000)
   1.011812587   0.000142310   0.000000000
  -0.505783053   0.875615981   0.000000000
   0.000000000   0.000000000  10.000000000
--
CELL_PARAMETERS (alat=  5.55000000)
   1.017879029   0.000128517   0.000000000
  -0.508828219   0.880932077   0.000000000
   0.000000000   0.000000000  10.000000000
--
CELL_PARAMETERS (alat=  5.55000000)
   1.023648695   0.000095738   0.000000000
  -0.511741440   0.886074336   0.000000000
   0.000000000   0.000000000  10.000000000
--
CELL_PARAMETERS (alat=  5.55000000)
   1.027068937   0.000058258   0.000000000
  -0.513484019   0.889203025   0.000000000
   0.000000000   0.000000000  10.000000000
--
CELL_PARAMETERS (alat=  5.55000000)
   1.030061587   0.000027017   0.000000000
  -0.515007400   0.891936293   0.000000000
   0.000000000   0.000000000  10.000000000
--
CELL_PARAMETERS (alat=  5.55000000)
   1.033014209  -0.000009147   0.000000000
  -0.516515030   0.894658652   0.000000000
   0.000000000   0.000000000  10.000000000
--
CELL_PARAMETERS (alat=  5.55000000)
   1.033451824  -0.000018013   0.000000000
  -0.516741516   0.895078765   0.000000000
   0.000000000   0.000000000  10.000000000
--
CELL_PARAMETERS (alat=  5.55000000)
   1.034220410  -0.000020032   0.000000000
  -0.517127558   0.895755402   0.000000000
   0.000000000   0.000000000  10.000000000
--
CELL_PARAMETERS (alat=  5.55000000)
   1.036132508  -0.000016786   0.000000000
  -0.518080796   0.897396242   0.000000000
   0.000000000   0.000000000  10.000000000
--
CELL_PARAMETERS (alat=  5.55000000)
   1.037607281  -0.000012224   0.000000000
  -0.518814232   0.898652046   0.000000000
   0.000000000   0.000000000  10.000000000
--
CELL_PARAMETERS (alat=  5.55000000)
   1.038596687  -0.000007992   0.000000000
  -0.519305269   0.899489012   0.000000000
   0.000000000   0.000000000  10.000000000
--
CELL_PARAMETERS (alat=  5.55000000)
   1.039563938  -0.000003620   0.000000000
  -0.519785108   0.900306065   0.000000000
   0.000000000   0.000000000  10.000000000
--
CELL_PARAMETERS (alat=  5.55000000)
   1.040049433  -0.000000962   0.000000000
  -0.520025553   0.900713953   0.000000000
   0.000000000   0.000000000  10.000000000
--
CELL_PARAMETERS (alat=  5.55000000)
   1.040049433  -0.000000962   0.000000000
  -0.520025553   0.900713953   0.000000000
   0.000000000   0.000000000  10.000000000
