CELL_PARAMETERS (alat=  5.55000000)
   1.034264953   0.000228565   0.000000000
  -0.516260277   0.898753497   0.000000000
   0.000000000   0.000000000  10.000000000
--
CELL_PARAMETERS (alat=  5.55000000)
   1.034461404   0.000265442   0.000000000
  -0.516326334   0.898944106   0.000000000
   0.000000000   0.000000000  10.000000000
--
CELL_PARAMETERS (alat=  5.55000000)
   1.034755042   0.000331894   0.000000000
  -0.516415224   0.899222826   0.000000000
   0.000000000   0.000000000  10.000000000
--
CELL_PARAMETERS (alat=  5.55000000)
   1.034755042   0.000331894   0.000000000
  -0.516415224   0.899222826   0.000000000
   0.000000000   0.000000000  10.000000000
