 &plot nbnd=  42, nks=    91 /
            0.000000  0.000000  0.000000
  -69.764  -69.728  -36.485  -36.049  -36.049  -35.997  -35.997  -35.984  -21.433  -21.426
  -21.399  -21.399  -21.387  -21.387  -21.373  -21.370  -21.342  -21.334  -21.334  -21.327
  -21.322  -21.322  -14.722   -9.145   -5.707   -5.707   -5.155   -5.145   -3.397   -1.798
   -1.798    0.199    0.199    1.121    1.121    1.677    2.823    3.995    4.804    5.138
    5.192    5.463
            0.021133  0.000000  0.000000
  -69.764  -69.728  -36.485  -36.052  -36.050  -35.999  -35.997  -35.983  -21.433  -21.426
  -21.399  -21.399  -21.387  -21.387  -21.373  -21.371  -21.342  -21.334  -21.334  -21.327
  -21.322  -21.322  -14.716   -9.133   -5.742   -5.705   -5.153   -5.119   -3.392   -1.817
   -1.788    0.148    0.186    1.128    1.137    1.729    2.841    4.007    4.812    5.146
    5.201    5.457
            0.042266  0.000000  0.000000
  -69.764  -69.728  -36.483  -36.061  -36.053  -36.005  -35.998  -35.982  -21.432  -21.426
  -21.400  -21.399  -21.387  -21.387  -21.373  -21.371  -21.342  -21.334  -21.334  -21.327
  -21.322  -21.322  -14.698   -9.099   -5.832   -5.699   -5.145   -5.055   -3.378   -1.875
   -1.758    0.020    0.148    1.147    1.169    1.875    2.894    4.040    4.837    5.167
    5.225    5.441
            0.063398  0.000000  0.000000
  -69.763  -69.727  -36.481  -36.074  -36.057  -36.014  -36.000  -35.980  -21.432  -21.425
  -21.400  -21.399  -21.387  -21.387  -21.374  -21.372  -21.341  -21.334  -21.334  -21.326
  -21.323  -21.322  -14.668   -9.042   -5.954   -5.691   -5.132   -4.974   -3.356   -1.968
   -1.710   -0.141    0.086    1.182    1.201    2.084    2.979    4.095    4.878    5.197
    5.265    5.423
            0.084531  0.000000  0.000000
  -69.762  -69.727  -36.478  -36.091  -36.064  -36.026  -36.003  -35.979  -21.431  -21.424
  -21.400  -21.398  -21.387  -21.386  -21.375  -21.373  -21.341  -21.335  -21.334  -21.326
  -21.323  -21.322  -14.627   -8.964   -6.095   -5.683   -5.112   -4.887   -3.328   -2.090
   -1.643   -0.306    0.004    1.228    1.234    2.326    3.092    4.171    4.934    5.219
    5.319    5.422
            0.105664  0.000000  0.000000
  -69.760  -69.726  -36.474  -36.112  -36.075  -36.038  -36.007  -35.978  -21.430  -21.423
  -21.400  -21.398  -21.387  -21.386  -21.376  -21.374  -21.340  -21.335  -21.335  -21.326
  -21.324  -21.322  -14.576   -8.865   -6.246   -5.679   -5.081   -4.799   -3.296   -2.236
   -1.560   -0.459   -0.092    1.251    1.301    2.579    3.228    4.266    5.002    5.216
    5.384    5.463
            0.126797  0.000000  0.000000
  -69.758  -69.724  -36.470  -36.136  -36.090  -36.050  -36.012  -35.977  -21.428  -21.422
  -21.400  -21.397  -21.387  -21.386  -21.378  -21.375  -21.340  -21.336  -21.335  -21.325
  -21.324  -21.322  -14.515   -8.747   -6.402   -5.682   -5.039   -4.710   -3.261   -2.398
   -1.464   -0.591   -0.192    1.268    1.383    2.828    3.384    4.379    5.067    5.203
    5.452    5.542
            0.147930  0.000000  0.000000
  -69.756  -69.723  -36.465  -36.162  -36.110  -36.060  -36.018  -35.976  -21.427  -21.421
  -21.400  -21.397  -21.387  -21.385  -21.379  -21.377  -21.339  -21.336  -21.335  -21.325
  -21.324  -21.322  -14.445   -8.612   -6.560   -5.695   -4.983   -4.622   -3.226   -2.571
   -1.363   -0.699   -0.285    1.279    1.476    3.065    3.557    4.506    5.079    5.247
    5.517    5.647
            0.169062  0.000000  0.000000
  -69.754  -69.722  -36.461  -36.191  -36.134  -36.070  -36.026  -35.976  -21.425  -21.419
  -21.400  -21.396  -21.387  -21.384  -21.381  -21.378  -21.339  -21.337  -21.336  -21.326
  -21.324  -21.322  -14.368   -8.461   -6.717   -5.720   -4.912   -4.533   -3.190   -2.747
   -1.272   -0.779   -0.353    1.284    1.578    3.283    3.744    4.641    5.043    5.352
    5.578    5.771
            0.190195  0.000000  0.000000
  -69.752  -69.720  -36.458  -36.221  -36.158  -36.079  -36.035  -35.975  -21.423  -21.417
  -21.400  -21.395  -21.387  -21.384  -21.383  -21.380  -21.339  -21.337  -21.336  -21.327
  -21.323  -21.323  -14.285   -8.298   -6.870   -5.758   -4.827   -4.445   -3.155   -2.922
   -1.217   -0.831   -0.366    1.283    1.688    3.479    3.944    4.772    4.996    5.483
    5.644    5.910
            0.211328  0.000000  0.000000
  -69.749  -69.718  -36.456  -36.253  -36.183  -36.090  -36.045  -35.976  -21.422  -21.415
  -21.400  -21.395  -21.387  -21.385  -21.383  -21.382  -21.340  -21.338  -21.335  -21.328
  -21.323  -21.322  -14.198   -8.124   -7.018   -5.808   -4.728   -4.355   -3.122   -3.090
   -1.220   -0.857   -0.301    1.277    1.804    3.653    4.154    4.887    4.950    5.631
    5.726    6.061
            0.232461  0.000000  0.000000
  -69.746  -69.717  -36.456  -36.285  -36.205  -36.100  -36.057  -35.976  -21.420  -21.413
  -21.401  -21.395  -21.387  -21.387  -21.384  -21.382  -21.341  -21.338  -21.334  -21.328
  -21.323  -21.322  -14.107   -7.944   -7.157   -5.870   -4.618   -4.265   -3.247   -3.088
   -1.277   -0.859   -0.161    1.269    1.927    3.807    4.373    4.905    4.973    5.794
    5.832    6.224
            0.253593  0.000000  0.000000
  -69.743  -69.715  -36.460  -36.317  -36.225  -36.111  -36.069  -35.977  -21.418  -21.411
  -21.400  -21.395  -21.389  -21.387  -21.384  -21.382  -21.342  -21.339  -21.333  -21.329
  -21.323  -21.321  -14.014   -7.758   -7.288   -5.941   -4.498   -4.174   -3.389   -3.055
   -1.368   -0.841    0.031    1.261    2.056    3.944    4.598    4.862    5.022    5.963
    5.972    6.396
            0.274726  0.000000  0.000000
  -69.740  -69.713  -36.468  -36.348  -36.241  -36.122  -36.083  -35.978  -21.416  -21.409
  -21.400  -21.396  -21.391  -21.387  -21.384  -21.381  -21.342  -21.341  -21.332  -21.330
  -21.324  -21.320  -13.921   -7.573   -7.408   -6.019   -4.370   -4.083   -3.512   -3.021
   -1.474   -0.808    0.257    1.257    2.191    4.066    4.814    4.832    5.036    6.115
    6.164    6.574
            0.295859  0.000000  0.000000
  -69.737  -69.711  -36.480  -36.378  -36.253  -36.133  -36.098  -35.979  -21.414  -21.407
  -21.400  -21.397  -21.393  -21.388  -21.384  -21.381  -21.343  -21.342  -21.331  -21.330
  -21.324  -21.319  -13.828   -7.516   -7.390   -6.102   -4.238   -3.990   -3.612   -2.986
   -1.585   -0.767    0.502    1.264    2.336    4.173    4.769    5.019    5.063    6.280
    6.370    6.755
            0.316992  0.000000  0.000000
  -69.734  -69.710  -36.495  -36.407  -36.262  -36.143  -36.114  -35.981  -21.412  -21.405
  -21.400  -21.398  -21.395  -21.388  -21.383  -21.380  -21.344  -21.343  -21.332  -21.329
  -21.324  -21.318  -13.737   -7.613   -7.215   -6.189   -4.103   -3.897   -3.685   -2.950
   -1.694   -0.728    0.758    1.285    2.489    4.265    4.712    4.976    5.300    6.450
    6.586    6.936
            0.338125  0.000000  0.000000
  -69.731  -69.708  -36.512  -36.434  -36.269  -36.151  -36.130  -35.983  -21.411  -21.403
  -21.400  -21.399  -21.398  -21.388  -21.382  -21.379  -21.345  -21.344  -21.332  -21.328
  -21.325  -21.318  -13.650   -7.697   -7.051   -6.276   -3.976   -3.804   -3.721   -2.914
   -1.799   -0.696    1.016    1.326    2.654    4.339    4.638    4.914    5.542    6.616
    6.807    7.115
            0.359257  0.000000  0.000000
  -69.728  -69.707  -36.531  -36.458  -36.276  -36.157  -36.148  -35.986  -21.409  -21.402
  -21.401  -21.400  -21.398  -21.388  -21.382  -21.379  -21.346  -21.345  -21.333  -21.327
  -21.325  -21.317  -13.566   -7.767   -6.905   -6.359   -3.881   -3.709   -3.696   -2.877
   -1.894   -0.680    1.268    1.387    2.830    4.390    4.543    4.843    5.788    6.772
    7.023    7.297
            0.380390  0.000000  0.000000
  -69.725  -69.705  -36.548  -36.479  -36.285  -36.167  -36.159  -35.989  -21.408  -21.404
  -21.402  -21.399  -21.397  -21.388  -21.381  -21.379  -21.347  -21.345  -21.334  -21.327
  -21.324  -21.317  -13.487   -7.825   -6.788   -6.429   -3.830   -3.614   -3.598   -2.843
   -1.977   -0.681    1.465    1.508    3.015    4.400    4.423    4.786    6.040    6.914
    7.206    7.504
            0.401523  0.000000  0.000000
  -69.722  -69.704  -36.565  -36.497  -36.296  -36.186  -36.158  -35.993  -21.408  -21.405
  -21.403  -21.398  -21.396  -21.387  -21.380  -21.378  -21.348  -21.346  -21.334  -21.327
  -21.323  -21.316  -13.413   -7.870   -6.725   -6.460   -3.783   -3.517   -3.470   -2.813
   -2.046   -0.701    1.550    1.729    3.199    4.275    4.357    4.772    6.299    7.042
    7.344    7.752
            0.422656  0.000000  0.000000
  -69.719  -69.703  -36.579  -36.512  -36.311  -36.207  -36.153  -35.997  -21.408  -21.406
  -21.404  -21.396  -21.394  -21.387  -21.380  -21.378  -21.349  -21.346  -21.335  -21.328
  -21.322  -21.316  -13.345   -7.901   -6.742   -6.426   -3.719   -3.419   -3.337   -2.791
   -2.097   -0.736    1.629    1.928    3.362    4.124    4.262    4.804    6.565    7.162
    7.453    8.033
            0.443789  0.000000  0.000000
  -69.717  -69.702  -36.590  -36.523  -36.327  -36.227  -36.147  -36.002  -21.409  -21.407
  -21.405  -21.395  -21.393  -21.387  -21.379  -21.378  -21.350  -21.346  -21.336  -21.328
  -21.321  -21.315  -13.283   -7.920   -6.805   -6.361   -3.636   -3.321   -3.204   -2.777
   -2.130   -0.783    1.687    2.100    3.440    4.029    4.147    4.871    6.831    7.280
    7.555    8.338
            0.464921  0.000000  0.000000
  -69.714  -69.701  -36.598  -36.530  -36.345  -36.248  -36.138  -36.007  -21.411  -21.409
  -21.404  -21.393  -21.392  -21.386  -21.379  -21.378  -21.351  -21.346  -21.337  -21.329
  -21.320  -21.315  -13.228   -7.926   -6.881   -6.295   -3.539   -3.224   -3.077   -2.772
   -2.146   -0.836    1.711    2.236    3.364    4.030    4.069    4.967    7.079    7.400
    7.676    8.660
            0.486054  0.000000  0.000000
  -69.712  -69.701  -36.603  -36.534  -36.365  -36.270  -36.129  -36.013  -21.412  -21.410
  -21.404  -21.392  -21.390  -21.386  -21.379  -21.377  -21.351  -21.346  -21.337  -21.329
  -21.319  -21.315  -13.180   -7.920   -6.961   -6.235   -3.433   -3.130   -2.956   -2.772
   -2.149   -0.891    1.694    2.314    3.211    3.923    4.190    5.092    7.278    7.526
    7.834    8.830
            0.507187  0.000000  0.000000
  -69.710  -69.700  -36.604  -36.533  -36.385  -36.291  -36.119  -36.019  -21.413  -21.411
  -21.403  -21.391  -21.389  -21.385  -21.379  -21.377  -21.352  -21.346  -21.338  -21.330
  -21.319  -21.315  -13.138   -7.902   -7.042   -6.182   -3.325   -3.042   -2.842   -2.773
   -2.145   -0.945    1.642    2.293    3.102    3.829    4.319    5.242    7.414    7.654
    7.992    8.736
            0.528320  0.000000  0.000000
  -69.708  -69.700  -36.601  -36.530  -36.406  -36.312  -36.109  -36.026  -21.414  -21.412
  -21.403  -21.390  -21.388  -21.384  -21.379  -21.377  -21.353  -21.345  -21.339  -21.330
  -21.318  -21.315  -13.103   -7.872   -7.123   -6.136   -3.223   -2.965   -2.767   -2.735
   -2.142   -0.994    1.566    2.155    3.092    3.747    4.432    5.409    7.510    7.773
    8.048    8.647
            0.549453  0.000000  0.000000
  -69.707  -69.700  -36.596  -36.523  -36.427  -36.333  -36.100  -36.033  -21.414  -21.412
  -21.402  -21.390  -21.388  -21.384  -21.379  -21.377  -21.353  -21.345  -21.340  -21.331
  -21.317  -21.314  -13.074   -7.831   -7.206   -6.097   -3.131   -2.911   -2.743   -2.638
   -2.148   -1.037    1.484    1.954    3.147    3.675    4.516    5.583    7.585    7.854
    8.012    8.606
            0.570585  0.000000  0.000000
  -69.705  -69.700  -36.588  -36.513  -36.448  -36.352  -36.090  -36.041  -21.415  -21.413
  -21.402  -21.389  -21.387  -21.383  -21.380  -21.377  -21.354  -21.344  -21.340  -21.331
  -21.317  -21.314  -13.052   -7.778   -7.289   -6.065   -3.054   -2.884   -2.698   -2.551
   -2.172   -1.071    1.411    1.748    3.227    3.610    4.572    5.750    7.645    7.867
    7.959    8.643
            0.591718  0.000000  0.000000
  -69.704  -69.701  -36.577  -36.503  -36.467  -36.370  -36.081  -36.048  -21.415  -21.413
  -21.401  -21.389  -21.387  -21.383  -21.380  -21.377  -21.354  -21.344  -21.341  -21.332
  -21.317  -21.315  -13.037   -7.713   -7.374   -6.040   -2.991   -2.876   -2.641   -2.476
   -2.218   -1.096    1.362    1.572    3.309    3.550    4.602    5.895    7.688    7.820
    7.930    8.740
            0.612851  0.000000  0.000000
  -69.703  -69.701  -36.568  -36.494  -36.482  -36.382  -36.072  -36.056  -21.416  -21.414
  -21.401  -21.389  -21.387  -21.382  -21.380  -21.377  -21.354  -21.343  -21.341  -21.332
  -21.317  -21.315  -13.028   -7.638   -7.461   -6.025   -2.942   -2.882   -2.585   -2.413
   -2.289   -1.111    1.347    1.443    3.383    3.495    4.612    5.999    7.711    7.757
    7.931    8.835
            0.633984  0.000000  0.000000
  -69.703  -69.701  -36.563  -36.489  -36.489  -36.387  -36.064  -36.063  -21.416  -21.414
  -21.401  -21.389  -21.387  -21.382  -21.380  -21.377  -21.354  -21.343  -21.341  -21.332
  -21.317  -21.315  -13.025   -7.553   -7.549   -6.019   -2.905   -2.903   -2.554   -2.361
   -2.359   -1.116    1.365    1.377    3.442    3.443    4.614    6.039    7.721    7.723
    7.938    8.870
            0.628701 -0.009151  0.000000
  -69.703  -69.701  -36.564  -36.490  -36.488  -36.386  -36.068  -36.060  -21.416  -21.414
  -21.401  -21.389  -21.387  -21.382  -21.380  -21.377  -21.354  -21.343  -21.341  -21.332
  -21.317  -21.315  -13.026   -7.598   -7.504   -6.021   -2.924   -2.889   -2.567   -2.373
   -2.336   -1.115    1.356    1.398    3.417    3.465    4.614    6.028    7.724    7.728
    7.934    8.862
            0.623417 -0.018302  0.000000
  -69.703  -69.701  -36.568  -36.492  -36.483  -36.382  -36.072  -36.056  -21.416  -21.414
  -21.401  -21.389  -21.387  -21.382  -21.380  -21.377  -21.354  -21.343  -21.341  -21.332
  -21.317  -21.315  -13.028   -7.645   -7.454   -6.025   -2.954   -2.876   -2.602   -2.363
   -2.313   -1.111    1.355    1.433    3.393    3.484    4.615    5.994    7.732    7.744
    7.921    8.842
            0.618134 -0.027452  0.000000
  -69.704  -69.701  -36.574  -36.496  -36.476  -36.376  -36.075  -36.053  -21.416  -21.414
  -21.401  -21.389  -21.387  -21.382  -21.380  -21.377  -21.354  -21.344  -21.341  -21.332
  -21.317  -21.315  -13.031   -7.693   -7.402   -6.032   -2.995   -2.864   -2.648   -2.339
   -2.289   -1.104    1.366    1.476    3.370    3.497    4.619    5.939    7.737    7.779
    7.898    8.813
            0.612851 -0.036603  0.000000
  -69.704  -69.701  -36.581  -36.502  -36.468  -36.368  -36.079  -36.049  -21.415  -21.413
  -21.401  -21.389  -21.387  -21.382  -21.380  -21.377  -21.354  -21.344  -21.341  -21.332
  -21.317  -21.315  -13.036   -7.742   -7.347   -6.042   -3.051   -2.855   -2.693   -2.307
   -2.265   -1.095    1.389    1.527    3.347    3.507    4.625    5.864    7.741    7.829
    7.864    8.779
            0.607568 -0.045754  0.000000
  -69.704  -69.701  -36.589  -36.508  -36.457  -36.358  -36.083  -36.046  -21.415  -21.413
  -21.402  -21.389  -21.387  -21.382  -21.381  -21.377  -21.354  -21.344  -21.341  -21.331
  -21.317  -21.315  -13.042   -7.792   -7.290   -6.055   -3.122   -2.847   -2.734   -2.270
   -2.238   -1.083    1.421    1.585    3.325    3.512    4.633    5.771    7.738    7.823
    7.891    8.743
            0.602285 -0.054905  0.000000
  -69.705  -69.700  -36.597  -36.515  -36.446  -36.347  -36.087  -36.043  -21.415  -21.413
  -21.402  -21.389  -21.387  -21.382  -21.381  -21.376  -21.354  -21.344  -21.341  -21.331
  -21.317  -21.315  -13.049   -7.843   -7.230   -6.070   -3.206   -2.841   -2.768   -2.231
   -2.209   -1.067    1.461    1.648    3.304    3.516    4.644    5.662    7.710    7.796
    7.960    8.709
            0.597001 -0.064055  0.000000
  -69.705  -69.700  -36.606  -36.523  -36.435  -36.336  -36.090  -36.041  -21.415  -21.413
  -21.402  -21.389  -21.387  -21.382  -21.381  -21.376  -21.354  -21.344  -21.341  -21.331
  -21.317  -21.315  -13.056   -7.894   -7.168   -6.087   -3.300   -2.836   -2.799   -2.190
   -2.177   -1.048    1.507    1.715    3.285    3.517    4.658    5.541    7.647    7.792
    8.031    8.682
            0.591718 -0.073206  0.000000
  -69.706  -69.700  -36.614  -36.530  -36.423  -36.324  -36.094  -36.038  -21.415  -21.413
  -21.403  -21.390  -21.387  -21.383  -21.381  -21.376  -21.354  -21.344  -21.341  -21.330
  -21.317  -21.315  -13.065   -7.946   -7.104   -6.107   -3.400   -2.833   -2.826   -2.148
   -2.142   -1.026    1.557    1.784    3.266    3.520    4.673    5.409    7.567    7.795
    8.095    8.669
            0.586435 -0.082357  0.000000
  -69.706  -69.700  -36.622  -36.538  -36.410  -36.312  -36.097  -36.036  -21.415  -21.413
  -21.403  -21.390  -21.388  -21.383  -21.381  -21.375  -21.353  -21.344  -21.341  -21.330
  -21.317  -21.315  -13.075   -7.998   -7.038   -6.128   -3.505   -2.853   -2.832   -2.104
   -2.102   -1.000    1.610    1.856    3.249    3.523    4.690    5.269    7.476    7.801
    8.144    8.677
            0.581152 -0.091508  0.000000
  -69.707  -69.700  -36.630  -36.545  -36.397  -36.300  -36.100  -36.033  -21.414  -21.412
  -21.403  -21.390  -21.388  -21.383  -21.381  -21.375  -21.353  -21.344  -21.341  -21.329
  -21.317  -21.315  -13.085   -8.050   -6.971   -6.150   -3.612   -2.879   -2.832   -2.061
   -2.059   -0.969    1.664    1.927    3.234    3.530    4.708    5.123    7.379    7.807
    8.169    8.713
            0.575869 -0.100658  0.000000
  -69.707  -69.700  -36.638  -36.553  -36.385  -36.288  -36.103  -36.031  -21.414  -21.412
  -21.404  -21.390  -21.388  -21.383  -21.381  -21.375  -21.353  -21.344  -21.341  -21.329
  -21.317  -21.315  -13.095   -8.103   -6.901   -6.174   -3.719   -2.905   -2.834   -2.016
   -2.014   -0.934    1.718    1.998    3.221    3.541    4.726    4.972    7.276    7.812
    8.170    8.775
            0.570585 -0.109809  0.000000
  -69.708  -69.700  -36.646  -36.560  -36.372  -36.276  -36.106  -36.030  -21.414  -21.412
  -21.404  -21.390  -21.388  -21.383  -21.381  -21.374  -21.353  -21.344  -21.341  -21.328
  -21.317  -21.315  -13.107   -8.155   -6.831   -6.198   -3.827   -2.930   -2.836   -1.969
   -1.967   -0.893    1.770    2.065    3.211    3.558    4.744    4.817    7.169    7.817
    8.153    8.854
            0.565302 -0.118960  0.000000
  -69.708  -69.700  -36.654  -36.567  -36.359  -36.264  -36.109  -36.028  -21.414  -21.412
  -21.405  -21.391  -21.389  -21.383  -21.381  -21.374  -21.353  -21.345  -21.341  -21.328
  -21.318  -21.315  -13.118   -8.206   -6.759   -6.222   -3.933   -2.957   -2.840   -1.924
   -1.918   -0.847    1.819    2.127    3.204    3.582    4.661    4.761    7.059    7.820
    8.125    8.762
            0.560019 -0.128111  0.000000
  -69.709  -69.700  -36.661  -36.573  -36.347  -36.252  -36.111  -36.027  -21.413  -21.411
  -21.405  -21.391  -21.389  -21.384  -21.381  -21.374  -21.353  -21.344  -21.341  -21.327
  -21.318  -21.315  -13.130   -8.257   -6.686   -6.247   -4.037   -2.983   -2.845   -1.880
   -1.867   -0.794    1.865    2.183    3.199    3.612    4.505    4.777    6.948    7.822
    8.092    8.647
            0.554736 -0.137262  0.000000
  -69.709  -69.700  -36.668  -36.580  -36.335  -36.241  -36.113  -36.025  -21.413  -21.411
  -21.405  -21.391  -21.389  -21.384  -21.381  -21.373  -21.353  -21.344  -21.341  -21.327
  -21.318  -21.315  -13.142   -8.307   -6.612   -6.271   -4.139   -3.010   -2.850   -1.836
   -1.817   -0.735    1.906    2.230    3.199    3.650    4.352    4.792    6.836    7.824
    8.056    8.535
            0.549453 -0.146412  0.000000
  -69.710  -69.700  -36.674  -36.586  -36.323  -36.231  -36.115  -36.024  -21.413  -21.411
  -21.406  -21.391  -21.389  -21.384  -21.381  -21.373  -21.353  -21.344  -21.342  -21.326
  -21.318  -21.315  -13.153   -8.355   -6.538   -6.294   -4.237   -3.038   -2.855   -1.794
   -1.768   -0.668    1.942    2.266    3.201    3.696    4.202    4.805    6.725    7.823
    8.019    8.428
            0.544169 -0.155563  0.000000
  -69.710  -69.700  -36.680  -36.592  -36.312  -36.221  -36.116  -36.023  -21.413  -21.411
  -21.406  -21.392  -21.390  -21.385  -21.380  -21.373  -21.353  -21.344  -21.342  -21.326
  -21.318  -21.315  -13.165   -8.402   -6.464   -6.317   -4.333   -3.065   -2.861   -1.753
   -1.721   -0.594    1.974    2.289    3.207    3.747    4.060    4.816    6.615    7.822
    7.983    8.327
            0.538886 -0.164714  0.000000
  -69.710  -69.700  -36.686  -36.597  -36.301  -36.212  -36.117  -36.022  -21.412  -21.411
  -21.407  -21.392  -21.390  -21.385  -21.380  -21.373  -21.353  -21.344  -21.342  -21.325
  -21.318  -21.315  -13.176   -8.446   -6.390   -6.339   -4.425   -3.092   -2.867   -1.715
   -1.676   -0.511    2.002    2.296    3.214    3.804    3.929    4.825    6.508    7.819
    7.948    8.232
            0.533603 -0.173865  0.000000
  -69.711  -69.700  -36.691  -36.602  -36.291  -36.204  -36.117  -36.022  -21.412  -21.410
  -21.407  -21.392  -21.390  -21.385  -21.380  -21.372  -21.353  -21.344  -21.342  -21.325
  -21.318  -21.315  -13.187   -8.489   -6.359   -6.316   -4.514   -3.119   -2.873   -1.678
   -1.634   -0.421    2.026    2.286    3.221    3.813    3.866    4.833    6.403    7.816
    7.914    8.144
            0.528320 -0.183015  0.000000
  -69.711  -69.701  -36.696  -36.607  -36.281  -36.197  -36.117  -36.021  -21.412  -21.410
  -21.407  -21.392  -21.390  -21.385  -21.380  -21.372  -21.353  -21.344  -21.342  -21.324
  -21.318  -21.315  -13.198   -8.528   -6.379   -6.243   -4.598   -3.145   -2.879   -1.644
   -1.596   -0.324    2.047    2.257    3.222    3.718    3.929    4.840    6.303    7.811
    7.883    8.063
            0.523037 -0.192166  0.000000
  -69.712  -69.701  -36.700  -36.611  -36.272  -36.191  -36.116  -36.021  -21.412  -21.410
  -21.408  -21.393  -21.391  -21.385  -21.380  -21.372  -21.353  -21.344  -21.342  -21.324
  -21.318  -21.315  -13.207   -8.565   -6.396   -6.171   -4.679   -3.169   -2.885   -1.613
   -1.561   -0.219    2.066    2.209    3.214    3.649    3.994    4.845    6.207    7.806
    7.854    7.990
            0.517753 -0.201317  0.000000
  -69.712  -69.701  -36.704  -36.615  -36.264  -36.186  -36.115  -36.021  -21.412  -21.410
  -21.408  -21.393  -21.391  -21.386  -21.380  -21.372  -21.353  -21.344  -21.342  -21.323
  -21.318  -21.315  -13.216   -8.599   -6.412   -6.101   -4.756   -3.193   -2.890   -1.584
   -1.530   -0.108    2.082    2.141    3.196    3.608    4.057    4.850    6.118    7.799
    7.828    7.924
            0.512470 -0.210468  0.000000
  -69.712  -69.701  -36.708  -36.618  -36.256  -36.182  -36.114  -36.020  -21.411  -21.410
  -21.408  -21.393  -21.391  -21.386  -21.379  -21.372  -21.353  -21.344  -21.342  -21.323
  -21.318  -21.315  -13.225   -8.629   -6.427   -6.033   -4.828   -3.215   -2.895   -1.559
   -1.503    0.008    2.054    2.097    3.170    3.590    4.117    4.855    6.034    7.791
    7.805    7.867
            0.507187 -0.219618  0.000000
  -69.712  -69.701  -36.711  -36.621  -36.250  -36.179  -36.112  -36.020  -21.411  -21.410
  -21.408  -21.393  -21.391  -21.386  -21.379  -21.371  -21.352  -21.344  -21.342  -21.323
  -21.318  -21.315  -13.232   -8.656   -6.439   -5.968   -4.896   -3.235   -2.899   -1.537
   -1.480    0.129    1.953    2.109    3.141    3.589    4.173    4.861    5.959    7.778
    7.784    7.823
            0.501904 -0.228769  0.000000
  -69.713  -69.701  -36.714  -36.623  -36.244  -36.177  -36.110  -36.020  -21.411  -21.410
  -21.409  -21.393  -21.391  -21.386  -21.379  -21.371  -21.352  -21.344  -21.342  -21.323
  -21.318  -21.315  -13.238   -8.679   -6.450   -5.907   -4.959   -3.252   -2.903   -1.518
   -1.461    0.252    1.841    2.121    3.115    3.596    4.222    4.867    5.891    7.752
    7.766    7.800
            0.496621 -0.237920  0.000000
  -69.713  -69.701  -36.716  -36.625  -36.239  -36.175  -36.108  -36.020  -21.411  -21.410
  -21.409  -21.393  -21.391  -21.386  -21.379  -21.371  -21.352  -21.343  -21.342  -21.322
  -21.318  -21.315  -13.243   -8.698   -6.459   -5.851   -5.015   -3.267   -2.906   -1.502
   -1.445    0.375    1.724    2.130    3.094    3.606    4.262    4.875    5.833    7.721
    7.752    7.789
            0.491337 -0.247071  0.000000
  -69.713  -69.701  -36.718  -36.627  -36.236  -36.174  -36.107  -36.020  -21.411  -21.410
  -21.409  -21.393  -21.391  -21.386  -21.379  -21.371  -21.352  -21.343  -21.342  -21.322
  -21.318  -21.315  -13.248   -8.713   -6.466   -5.803   -5.064   -3.279   -2.909   -1.490
   -1.433    0.494    1.606    2.138    3.077    3.617    4.294    4.883    5.786    7.694
    7.741    7.783
            0.486054 -0.256221  0.000000
  -69.713  -69.701  -36.719  -36.628  -36.233  -36.173  -36.106  -36.020  -21.411  -21.410
  -21.409  -21.394  -21.391  -21.386  -21.379  -21.371  -21.352  -21.343  -21.342  -21.322
  -21.318  -21.315  -13.251   -8.723   -6.470   -5.765   -5.102   -3.288   -2.911   -1.481
   -1.424    0.602    1.499    2.143    3.066    3.625    4.317    4.891    5.750    7.675
    7.733    7.780
            0.480771 -0.265372  0.000000
  -69.713  -69.701  -36.719  -36.629  -36.231  -36.173  -36.105  -36.020  -21.411  -21.410
  -21.409  -21.394  -21.391  -21.386  -21.379  -21.371  -21.353  -21.343  -21.342  -21.322
  -21.318  -21.315  -13.252   -8.730   -6.473   -5.740   -5.127   -3.293   -2.912   -1.476
   -1.419    0.683    1.418    2.147    3.059    3.631    4.330    4.897    5.728    7.663
    7.728    7.777
            0.475488 -0.274523  0.000000
  -69.713  -69.701  -36.720  -36.629  -36.231  -36.173  -36.105  -36.020  -21.411  -21.410
  -21.409  -21.394  -21.391  -21.386  -21.379  -21.371  -21.353  -21.343  -21.342  -21.322
  -21.318  -21.315  -13.253   -8.732   -6.474   -5.731   -5.136   -3.295   -2.912   -1.474
   -1.417    0.715    1.386    2.148    3.057    3.633    4.335    4.899    5.721    7.659
    7.726    7.777
            0.459638 -0.265372  0.000000
  -69.713  -69.701  -36.718  -36.628  -36.230  -36.173  -36.104  -36.020  -21.411  -21.410
  -21.409  -21.394  -21.392  -21.386  -21.379  -21.371  -21.352  -21.343  -21.342  -21.322
  -21.318  -21.315  -13.256   -8.727   -6.475   -5.729   -5.131   -3.309   -2.917   -1.488
   -1.417    0.711    1.377    2.136    3.033    3.633    4.348    4.918    5.727    7.585
    7.646    7.929
            0.443789 -0.256221  0.000000
  -69.714  -69.701  -36.713  -36.623  -36.229  -36.176  -36.103  -36.018  -21.410  -21.410
  -21.408  -21.394  -21.392  -21.386  -21.379  -21.371  -21.352  -21.343  -21.342  -21.322
  -21.319  -21.315  -13.266   -8.714   -6.479   -5.726   -5.117   -3.351   -2.933   -1.522
   -1.421    0.703    1.350    2.105    2.962    3.633    4.386    4.971    5.748    7.449
    7.588    8.119
            0.427939 -0.247071  0.000000
  -69.715  -69.701  -36.705  -36.616  -36.227  -36.180  -36.102  -36.016  -21.410  -21.410
  -21.408  -21.394  -21.392  -21.387  -21.379  -21.372  -21.352  -21.343  -21.342  -21.322
  -21.319  -21.315  -13.282   -8.691   -6.485   -5.719   -5.094   -3.417   -2.963   -1.569
   -1.437    0.692    1.302    2.061    2.852    3.636    4.439    5.053    5.785    7.324
    7.508    8.317
            0.412089 -0.237920  0.000000
  -69.716  -69.702  -36.694  -36.607  -36.224  -36.185  -36.100  -36.013  -21.410  -21.409
  -21.407  -21.395  -21.393  -21.387  -21.380  -21.372  -21.352  -21.343  -21.342  -21.322
  -21.320  -21.315  -13.305   -8.659   -6.495   -5.711   -5.061   -3.501   -3.007   -1.624
   -1.463    0.683    1.229    2.012    2.709    3.642    4.495    5.153    5.841    7.200
    7.427    8.511
            0.396240 -0.228769  0.000000
  -69.717  -69.702  -36.681  -36.594  -36.220  -36.191  -36.097  -36.010  -21.410  -21.408
  -21.406  -21.396  -21.394  -21.387  -21.380  -21.372  -21.351  -21.343  -21.341  -21.322
  -21.321  -21.315  -13.334   -8.618   -6.511   -5.700   -5.019   -3.601   -3.067   -1.686
   -1.501    0.679    1.132    1.965    2.543    3.654    4.541    5.262    5.919    7.064
    7.362    8.529
            0.380390 -0.219618  0.000000
  -69.719  -69.703  -36.664  -36.580  -36.215  -36.198  -36.094  -36.007  -21.410  -21.407
  -21.405  -21.397  -21.395  -21.387  -21.380  -21.373  -21.351  -21.342  -21.340  -21.322
  -21.321  -21.315  -13.370   -8.569   -6.535   -5.688   -4.969   -3.710   -3.141   -1.751
   -1.547    0.681    1.011    1.920    2.362    3.673    4.568    5.374    6.017    6.914
    7.317    8.253
            0.364541 -0.210468  0.000000
  -69.721  -69.703  -36.645  -36.563  -36.209  -36.205  -36.090  -36.003  -21.410  -21.406
  -21.404  -21.398  -21.396  -21.387  -21.381  -21.374  -21.350  -21.342  -21.340  -21.322
  -21.322  -21.316  -13.412   -8.511   -6.568   -5.674   -4.910   -3.825   -3.226   -1.818
   -1.597    0.691    0.871    1.868    2.185    3.700    4.571    5.482    6.120    6.763
    7.283    7.991
            0.348691 -0.201317  0.000000
  -69.723  -69.704  -36.624  -36.544  -36.212  -36.203  -36.085  -36.000  -21.410  -21.405
  -21.403  -21.399  -21.397  -21.387  -21.382  -21.374  -21.350  -21.341  -21.339  -21.323
  -21.322  -21.316  -13.460   -8.445   -6.612   -5.660   -4.844   -3.941   -3.319   -1.888
   -1.647    0.707    0.717    1.775    2.046    3.736    4.553    5.581    6.182    6.649
    7.242    7.744
            0.332841 -0.192166  0.000000
  -69.725  -69.705  -36.601  -36.524  -36.218  -36.196  -36.081  -35.996  -21.410  -21.404
  -21.401  -21.400  -21.398  -21.387  -21.382  -21.375  -21.349  -21.341  -21.338  -21.324
  -21.322  -21.316  -13.513   -8.372   -6.670   -5.645   -4.773   -4.052   -3.417   -1.963
   -1.689    0.556    0.729    1.615    1.976    3.779    4.518    5.669    6.130    6.631
    7.173    7.520
            0.316992 -0.183015  0.000000
  -69.727  -69.706  -36.578  -36.502  -36.224  -36.188  -36.076  -35.993  -21.411  -21.402
  -21.401  -21.400  -21.399  -21.387  -21.383  -21.376  -21.348  -21.341  -21.337  -21.325
  -21.322  -21.317  -13.572   -8.292   -6.742   -5.630   -4.704   -4.147   -3.517   -2.043
   -1.719    0.391    0.754    1.418    1.946    3.829    4.469    5.742    5.978    6.664
    7.057    7.326
            0.301142 -0.173865  0.000000
  -69.730  -69.708  -36.553  -36.478  -36.228  -36.180  -36.070  -35.990  -21.411  -21.403
  -21.401  -21.400  -21.398  -21.387  -21.383  -21.377  -21.347  -21.340  -21.337  -21.326
  -21.322  -21.317  -13.636   -8.208   -6.828   -5.617   -4.649   -4.212   -3.616   -2.129
   -1.734    0.225    0.782    1.213    1.929    3.884    4.412    5.788    5.800    6.653
    6.898    7.165
            0.285293 -0.164714  0.000000
  -69.732  -69.709  -36.530  -36.454  -36.230  -36.172  -36.065  -35.987  -21.412  -21.404
  -21.400  -21.399  -21.396  -21.387  -21.384  -21.378  -21.347  -21.340  -21.336  -21.328
  -21.322  -21.318  -13.705   -8.122   -6.924   -5.604   -4.631   -4.223   -3.712   -2.217
   -1.733    0.062    0.811    1.012    1.917    3.938    4.354    5.583    5.841    6.560
    6.718    7.024
            0.269443 -0.155563  0.000000
  -69.735  -69.710  -36.508  -36.428  -36.228  -36.163  -36.059  -35.985  -21.413  -21.406
  -21.401  -21.397  -21.395  -21.387  -21.385  -21.378  -21.346  -21.339  -21.335  -21.329
  -21.322  -21.319  -13.777   -8.039   -7.026   -5.594   -4.657   -4.175   -3.801   -2.306
   -1.714   -0.099    0.819    0.839    1.905    3.982    4.303    5.372    5.866    6.409
    6.532    6.882
            0.253593 -0.146412  0.000000
  -69.738  -69.712  -36.489  -36.401  -36.224  -36.154  -36.053  -35.983  -21.415  -21.408
  -21.401  -21.396  -21.393  -21.387  -21.385  -21.379  -21.345  -21.339  -21.334  -21.330
  -21.322  -21.319  -13.852   -7.968   -7.122   -5.586   -4.706   -4.101   -3.873   -2.394
   -1.679   -0.255    0.640    0.867    1.892    3.996    4.280    5.158    5.875    6.232
    6.347    6.730
            0.237744 -0.137262  0.000000
  -69.740  -69.713  -36.475  -36.372  -36.215  -36.144  -36.047  -35.981  -21.416  -21.409
  -21.401  -21.395  -21.391  -21.387  -21.385  -21.380  -21.344  -21.338  -21.333  -21.330
  -21.322  -21.320  -13.929   -7.927   -7.191   -5.580   -4.761   -4.075   -3.872   -2.476
   -1.627   -0.408    0.479    0.893    1.875    3.961    4.301    4.944    5.870    6.046
    6.169    6.573
            0.221894 -0.128111  0.000000
  -69.743  -69.715  -36.465  -36.343  -36.203  -36.135  -36.042  -35.979  -21.418  -21.411
  -21.401  -21.394  -21.389  -21.387  -21.385  -21.381  -21.343  -21.338  -21.333  -21.330
  -21.322  -21.321  -14.008   -7.937   -7.209   -5.578   -4.814   -4.131   -3.776   -2.552
   -1.559   -0.557    0.338    0.917    1.853    3.888    4.351    4.731    5.853    5.857
    6.000    6.415
            0.206045 -0.118960  0.000000
  -69.745  -69.716  -36.459  -36.312  -36.186  -36.126  -36.036  -35.978  -21.419  -21.413
  -21.401  -21.394  -21.387  -21.387  -21.384  -21.382  -21.342  -21.337  -21.334  -21.330
  -21.322  -21.321  -14.087   -8.004   -7.167   -5.579   -4.863   -4.209   -3.651   -2.616
   -1.477   -0.702    0.220    0.940    1.826    3.793    4.402    4.529    5.670    5.826
    5.842    6.259
            0.190195 -0.109809  0.000000
  -69.748  -69.718  -36.457  -36.281  -36.168  -36.116  -36.031  -35.977  -21.421  -21.415
  -21.401  -21.394  -21.387  -21.386  -21.383  -21.382  -21.341  -21.337  -21.335  -21.329
  -21.322  -21.322  -14.165   -8.111   -7.081   -5.584   -4.908   -4.291   -3.523   -2.664
   -1.380   -0.843    0.126    0.962    1.792    3.681    4.294    4.489    5.493    5.695
    5.792    6.106
            0.174346 -0.100658  0.000000
  -69.750  -69.719  -36.457  -36.251  -36.148  -36.107  -36.025  -35.977  -21.423  -21.416
  -21.401  -21.395  -21.387  -21.384  -21.383  -21.381  -21.340  -21.336  -21.336  -21.328
  -21.323  -21.322  -14.241   -8.237   -6.968   -5.591   -4.949   -4.373   -3.407   -2.688
   -1.270   -0.979    0.056    0.982    1.750    3.553    4.096    4.531    5.335    5.560
    5.753    5.960
            0.158496 -0.091508  0.000000
  -69.752  -69.721  -36.459  -36.221  -36.126  -36.099  -36.021  -35.976  -21.424  -21.418
  -21.401  -21.395  -21.387  -21.384  -21.382  -21.379  -21.339  -21.336  -21.336  -21.327
  -21.323  -21.322  -14.315   -8.370   -6.841   -5.601   -4.985   -4.455   -3.320   -2.673
   -1.148   -1.109    0.009    1.002    1.701    3.406    3.902    4.549    5.211    5.437
    5.712    5.824
            0.142646 -0.082357  0.000000
  -69.755  -69.722  -36.462  -36.193  -36.105  -36.090  -36.016  -35.976  -21.426  -21.419
  -21.400  -21.396  -21.387  -21.384  -21.380  -21.378  -21.339  -21.337  -21.336  -21.326
  -21.324  -21.322  -14.385   -8.501   -6.705   -5.614   -5.018   -4.536   -3.272   -2.612
   -1.232   -1.016   -0.017    1.021    1.645    3.239    3.719    4.526    5.138    5.329
    5.670    5.702
            0.126797 -0.073206  0.000000
  -69.756  -69.723  -36.465  -36.166  -36.085  -36.083  -36.012  -35.976  -21.427  -21.421
  -21.400  -21.397  -21.387  -21.385  -21.379  -21.376  -21.339  -21.337  -21.335  -21.325
  -21.324  -21.322  -14.451   -8.625   -6.565   -5.627   -5.047   -4.616   -3.261   -2.512
   -1.344   -0.874   -0.023    1.040    1.582    3.051    3.550    4.461    5.107    5.242
    5.592    5.630
            0.110947 -0.064055  0.000000
  -69.758  -69.724  -36.469  -36.141  -36.075  -36.066  -36.008  -35.977  -21.428  -21.422
  -21.400  -21.397  -21.387  -21.385  -21.378  -21.375  -21.340  -21.336  -21.335  -21.325
  -21.324  -21.322  -14.511   -8.740   -6.423   -5.642   -5.072   -4.696   -3.272   -2.389
   -1.447   -0.723   -0.014    1.060    1.513    2.846    3.396    4.373    5.074    5.201
    5.496    5.556
            0.095098 -0.054905  0.000000
  -69.760  -69.725  -36.473  -36.119  -36.069  -36.049  -36.005  -35.978  -21.429  -21.423
  -21.400  -21.398  -21.387  -21.386  -21.376  -21.374  -21.340  -21.336  -21.335  -21.326
  -21.324  -21.322  -14.564   -8.844   -6.283   -5.656   -5.094   -4.776   -3.294   -2.259
   -1.538   -0.566    0.010    1.079    1.440    2.629    3.258    4.283    5.016    5.206
    5.413    5.483
            0.079248 -0.045754  0.000000
  -69.761  -69.726  -36.476  -36.099  -36.063  -36.033  -36.003  -35.979  -21.430  -21.424
  -21.400  -21.398  -21.387  -21.386  -21.375  -21.373  -21.341  -21.335  -21.334  -21.326
  -21.323  -21.322  -14.611   -8.933   -6.148   -5.670   -5.112   -4.855   -3.319   -2.134
   -1.616   -0.405    0.044    1.098    1.365    2.409    3.135    4.199    4.955    5.217
    5.344    5.436
            0.063398 -0.036603  0.000000
  -69.762  -69.727  -36.479  -36.082  -36.058  -36.020  -36.000  -35.980  -21.431  -21.425
  -21.400  -21.399  -21.387  -21.387  -21.374  -21.372  -21.341  -21.335  -21.334  -21.326
  -21.323  -21.322  -14.651   -9.008   -6.020   -5.683   -5.128   -4.932   -3.344   -2.021
   -1.680   -0.242    0.084    1.114    1.293    2.193    3.029    4.127    4.902    5.208
    5.289    5.421
            0.047549 -0.027452  0.000000
  -69.763  -69.728  -36.482  -36.068  -36.055  -36.010  -35.999  -35.981  -21.432  -21.425
  -21.400  -21.399  -21.387  -21.387  -21.374  -21.371  -21.341  -21.334  -21.334  -21.327
  -21.322  -21.322  -14.682   -9.068   -5.903   -5.693   -5.140   -5.007   -3.366   -1.927
   -1.731   -0.084    0.126    1.126    1.226    1.994    2.942    4.070    4.860    5.185
    5.247    5.430
            0.031699 -0.018302  0.000000
  -69.764  -69.728  -36.484  -36.058  -36.052  -36.003  -35.998  -35.982  -21.432  -21.426
  -21.400  -21.399  -21.387  -21.387  -21.373  -21.371  -21.342  -21.334  -21.334  -21.327
  -21.322  -21.322  -14.704   -9.110   -5.804   -5.701   -5.148   -5.075   -3.383   -1.856
   -1.768    0.057    0.163    1.129    1.171    1.828    2.877    4.029    4.829    5.160
    5.217    5.446
            0.015850 -0.009151  0.000000
  -69.764  -69.728  -36.485  -36.052  -36.050  -35.998  -35.997  -35.983  -21.433  -21.426
  -21.399  -21.399  -21.387  -21.387  -21.373  -21.370  -21.342  -21.334  -21.334  -21.327
  -21.322  -21.322  -14.718   -9.136   -5.733   -5.705   -5.153   -5.125   -3.393   -1.812
   -1.790    0.160    0.189    1.125    1.134    1.716    2.836    4.004    4.810    5.144
    5.199    5.458
            0.000000  0.000000  0.000000
  -69.764  -69.728  -36.485  -36.049  -36.049  -35.997  -35.997  -35.984  -21.433  -21.426
  -21.399  -21.399  -21.387  -21.387  -21.373  -21.370  -21.342  -21.334  -21.334  -21.327
  -21.322  -21.322  -14.722   -9.145   -5.707   -5.707   -5.155   -5.145   -3.397   -1.798
   -1.798    0.199    0.199    1.121    1.121    1.677    2.823    3.995    4.804    5.138
    5.192    5.463
