#  E (eV)   dos(E)     Int dos(E) EFermi =   -1.977 eV
  -9.000  0.1011E+01  0.1011E-01
  -8.990  0.5562E-01  0.1066E-01
  -8.980 -0.3923E-01  0.1027E-01
  -8.970  0.5962E+00  0.1623E-01
  -8.960  0.1221E+01  0.2844E-01
  -8.950  0.5617E+00  0.3406E-01
  -8.940  0.4500E+00  0.3856E-01
  -8.930  0.1158E+01  0.5014E-01
  -8.920  0.5025E+00  0.5517E-01
  -8.910 -0.1420E+00  0.5375E-01
  -8.900 -0.6254E-01  0.5312E-01
  -8.890  0.1350E-02  0.5314E-01
  -8.880  0.1178E+00  0.5431E-01
  -8.870  0.7134E+00  0.6145E-01
  -8.860  0.1295E+01  0.7440E-01
  -8.850  0.9762E+00  0.8416E-01
  -8.840  0.1067E+01  0.9483E-01
  -8.830  0.4320E+00  0.9915E-01
  -8.820 -0.1478E+00  0.9767E-01
  -8.810 -0.5979E-01  0.9707E-01
  -8.800 -0.4365E-02  0.9703E-01
  -8.790 -0.8834E-04  0.9703E-01
  -8.780  0.2723E-03  0.9703E-01
  -8.770  0.1360E-01  0.9717E-01
  -8.760  0.2294E+00  0.9946E-01
  -8.750  0.1365E+01  0.1131E+00
  -8.740  0.3368E+01  0.1468E+00
  -8.730  0.4954E+01  0.1963E+00
  -8.720  0.4824E+01  0.2446E+00
  -8.710  0.3057E+01  0.2751E+00
  -8.700  0.1964E+01  0.2948E+00
  -8.690  0.2110E+01  0.3159E+00
  -8.680  0.1805E+01  0.3339E+00
  -8.670  0.1203E+01  0.3460E+00
  -8.660  0.1746E+01  0.3634E+00
  -8.650  0.2039E+01  0.3838E+00
  -8.640  0.7068E+00  0.3909E+00
  -8.630  0.1834E+01  0.4092E+00
  -8.620  0.3571E+01  0.4449E+00
  -8.610  0.2804E+01  0.4730E+00
  -8.600  0.1513E+01  0.4881E+00
  -8.590  0.7189E+00  0.4953E+00
  -8.580  0.3228E+00  0.4985E+00
  -8.570  0.1630E+01  0.5148E+00
  -8.560  0.2164E+01  0.5365E+00
  -8.550  0.3758E+00  0.5402E+00
  -8.540 -0.2282E-01  0.5400E+00
  -8.530  0.9738E+00  0.5497E+00
  -8.520  0.1473E+01  0.5645E+00
  -8.510  0.1630E+01  0.5808E+00
  -8.500  0.2059E+01  0.6013E+00
  -8.490  0.1713E+01  0.6185E+00
  -8.480  0.8796E+00  0.6273E+00
  -8.470  0.3788E+00  0.6311E+00
  -8.460  0.1324E+01  0.6443E+00
  -8.450  0.2290E+01  0.6672E+00
  -8.440  0.2259E+01  0.6898E+00
  -8.430  0.4605E+00  0.6944E+00
  -8.420 -0.2570E+00  0.6918E+00
  -8.410  0.3823E+00  0.6956E+00
  -8.400  0.1183E+01  0.7075E+00
  -8.390  0.7827E+00  0.7153E+00
  -8.380  0.7130E+00  0.7224E+00
  -8.370  0.2328E+01  0.7457E+00
  -8.360  0.2289E+01  0.7686E+00
  -8.350  0.1055E+01  0.7792E+00
  -8.340  0.1408E+00  0.7806E+00
  -8.330 -0.1615E+00  0.7790E+00
  -8.320  0.1584E+00  0.7805E+00
  -8.310  0.1171E+01  0.7923E+00
  -8.300  0.2611E+01  0.8184E+00
  -8.290  0.2431E+01  0.8427E+00
  -8.280  0.5707E+00  0.8484E+00
  -8.270 -0.9282E-01  0.8475E+00
  -8.260  0.8117E+00  0.8556E+00
  -8.250  0.1314E+01  0.8687E+00
  -8.240  0.1074E+01  0.8794E+00
  -8.230  0.9790E+00  0.8892E+00
  -8.220  0.5063E+00  0.8943E+00
  -8.210  0.1669E+01  0.9110E+00
  -8.200  0.2169E+01  0.9327E+00
  -8.190  0.2917E+00  0.9356E+00
  -8.180 -0.2755E+00  0.9328E+00
  -8.170  0.5616E-01  0.9334E+00
  -8.160  0.6923E+00  0.9403E+00
  -8.150  0.1217E+01  0.9525E+00
  -8.140  0.5417E+00  0.9579E+00
  -8.130  0.1043E+01  0.9683E+00
  -8.120  0.2841E+01  0.9968E+00
  -8.110  0.2767E+01  0.1024E+01
  -8.100  0.1702E+01  0.1041E+01
  -8.090  0.3840E+00  0.1045E+01
  -8.080 -0.2291E+00  0.1043E+01
  -8.070 -0.4921E-01  0.1043E+01
  -8.060  0.3703E+00  0.1046E+01
  -8.050  0.1379E+01  0.1060E+01
  -8.040  0.1871E+01  0.1079E+01
  -8.030  0.9638E+00  0.1088E+01
  -8.020  0.5697E-01  0.1089E+01
  -8.010  0.7534E+00  0.1096E+01
  -8.000  0.2146E+01  0.1118E+01
  -7.990  0.1495E+01  0.1133E+01
  -7.980  0.1748E+00  0.1135E+01
  -7.970  0.7762E+00  0.1142E+01
  -7.960  0.1277E+01  0.1155E+01
  -7.950  0.1688E+01  0.1172E+01
  -7.940  0.3572E+01  0.1208E+01
  -7.930  0.4248E+01  0.1250E+01
  -7.920  0.4456E+01  0.1295E+01
  -7.910  0.2923E+01  0.1324E+01
  -7.900  0.2573E+01  0.1350E+01
  -7.890  0.2451E+01  0.1374E+01
  -7.880  0.1053E+01  0.1385E+01
  -7.870  0.1958E+01  0.1404E+01
  -7.860  0.1559E+01  0.1420E+01
  -7.850  0.4275E+00  0.1424E+01
  -7.840  0.1525E+01  0.1439E+01
  -7.830  0.2455E+01  0.1464E+01
  -7.820  0.1884E+01  0.1483E+01
  -7.810  0.2516E+00  0.1485E+01
  -7.800  0.2361E+00  0.1488E+01
  -7.790  0.1373E+01  0.1501E+01
  -7.780  0.1848E+01  0.1520E+01
  -7.770  0.2148E+01  0.1541E+01
  -7.760  0.2176E+01  0.1563E+01
  -7.750  0.1482E+01  0.1578E+01
  -7.740  0.1083E+01  0.1589E+01
  -7.730  0.5799E+00  0.1595E+01
  -7.720  0.4664E+00  0.1599E+01
  -7.710  0.1394E+01  0.1613E+01
  -7.700  0.1940E+01  0.1633E+01
  -7.690  0.2210E+01  0.1655E+01
  -7.680  0.6639E+00  0.1661E+01
  -7.670 -0.2817E+00  0.1659E+01
  -7.660  0.4225E-01  0.1659E+01
  -7.650  0.9510E+00  0.1669E+01
  -7.640  0.2167E+01  0.1690E+01
  -7.630  0.1472E+01  0.1705E+01
  -7.620  0.5052E+00  0.1710E+01
  -7.610  0.1260E+01  0.1723E+01
  -7.600  0.1496E+01  0.1738E+01
  -7.590  0.9996E+00  0.1748E+01
  -7.580  0.5723E+00  0.1753E+01
  -7.570  0.1179E+01  0.1765E+01
  -7.560  0.1456E+01  0.1780E+01
  -7.550  0.2156E+01  0.1801E+01
  -7.540  0.1384E+01  0.1815E+01
  -7.530  0.2014E-01  0.1815E+01
  -7.520  0.7689E+00  0.1823E+01
  -7.510  0.1773E+01  0.1841E+01
  -7.500  0.1417E+01  0.1855E+01
  -7.490  0.2912E+00  0.1858E+01
  -7.480 -0.1314E+00  0.1856E+01
  -7.470  0.4651E+00  0.1861E+01
  -7.460  0.1818E+01  0.1879E+01
  -7.450  0.1974E+01  0.1899E+01
  -7.440  0.3354E+00  0.1902E+01
  -7.430 -0.2229E+00  0.1900E+01
  -7.420  0.2223E+00  0.1902E+01
  -7.410  0.1458E+01  0.1917E+01
  -7.400  0.2610E+01  0.1943E+01
  -7.390  0.1985E+01  0.1963E+01
  -7.380  0.1236E+01  0.1975E+01
  -7.370  0.1074E+01  0.1986E+01
  -7.360  0.5412E+00  0.1991E+01
  -7.350  0.7225E+00  0.1999E+01
  -7.340  0.1066E+01  0.2009E+01
  -7.330  0.1641E+00  0.2011E+01
  -7.320 -0.1431E+00  0.2009E+01
  -7.310  0.3775E-01  0.2010E+01
  -7.300  0.8253E+00  0.2018E+01
  -7.290  0.3066E+01  0.2049E+01
  -7.280  0.2964E+01  0.2078E+01
  -7.270  0.1003E+00  0.2079E+01
  -7.260 -0.3728E+00  0.2076E+01
  -7.250 -0.2588E-01  0.2075E+01
  -7.240  0.3453E+00  0.2079E+01
  -7.230  0.1248E+01  0.2091E+01
  -7.220  0.2007E+01  0.2111E+01
  -7.210  0.3001E+01  0.2141E+01
  -7.200  0.2825E+01  0.2170E+01
  -7.190  0.1337E+01  0.2183E+01
  -7.180  0.9310E+00  0.2192E+01
  -7.170  0.1960E+01  0.2212E+01
  -7.160  0.2966E+01  0.2242E+01
  -7.150  0.1300E+01  0.2255E+01
  -7.140 -0.1200E-01  0.2254E+01
  -7.130  0.8661E+00  0.2263E+01
  -7.120  0.2477E+01  0.2288E+01
  -7.110  0.1861E+01  0.2307E+01
  -7.100  0.1012E+01  0.2317E+01
  -7.090  0.7049E+00  0.2324E+01
  -7.080  0.1003E+01  0.2334E+01
  -7.070  0.7511E+00  0.2341E+01
  -7.060  0.4103E+00  0.2345E+01
  -7.050  0.1795E+01  0.2363E+01
  -7.040  0.3094E+01  0.2394E+01
  -7.030  0.2706E+01  0.2421E+01
  -7.020  0.1961E+01  0.2441E+01
  -7.010  0.1052E+01  0.2451E+01
  -7.000 -0.7479E-01  0.2451E+01
  -6.990 -0.1103E+00  0.2450E+01
  -6.980  0.6605E+00  0.2456E+01
  -6.970  0.2525E+01  0.2481E+01
  -6.960  0.2955E+01  0.2511E+01
  -6.950  0.8053E+00  0.2519E+01
  -6.940 -0.1831E+00  0.2517E+01
  -6.930  0.5555E+00  0.2523E+01
  -6.920  0.1382E+01  0.2537E+01
  -6.910  0.1595E+01  0.2553E+01
  -6.900  0.2256E+01  0.2575E+01
  -6.890  0.1404E+01  0.2589E+01
  -6.880  0.1256E+01  0.2602E+01
  -6.870  0.1811E+01  0.2620E+01
  -6.860  0.7994E+00  0.2628E+01
  -6.850  0.2935E+00  0.2631E+01
  -6.840  0.1644E+01  0.2647E+01
  -6.830  0.2871E+01  0.2676E+01
  -6.820  0.1916E+01  0.2695E+01
  -6.810  0.6493E+00  0.2702E+01
  -6.800  0.1185E+01  0.2713E+01
  -6.790  0.1292E+01  0.2726E+01
  -6.780  0.9453E+00  0.2736E+01
  -6.770  0.3423E+00  0.2739E+01
  -6.760  0.1008E+01  0.2749E+01
  -6.750  0.1915E+01  0.2768E+01
  -6.740  0.2533E+01  0.2794E+01
  -6.730  0.2133E+01  0.2815E+01
  -6.720  0.1985E+01  0.2835E+01
  -6.710  0.2015E+01  0.2855E+01
  -6.700  0.1340E+01  0.2868E+01
  -6.690  0.1022E+01  0.2879E+01
  -6.680  0.1314E+01  0.2892E+01
  -6.670  0.1282E+01  0.2905E+01
  -6.660  0.7495E+00  0.2912E+01
  -6.650 -0.6244E-01  0.2912E+01
  -6.640 -0.1094E+00  0.2910E+01
  -6.630  0.1058E+00  0.2911E+01
  -6.620  0.9910E+00  0.2921E+01
  -6.610  0.2396E+01  0.2945E+01
  -6.600  0.1292E+01  0.2958E+01
  -6.590 -0.2153E+00  0.2956E+01
  -6.580  0.2019E+00  0.2958E+01
  -6.570  0.1964E+01  0.2978E+01
  -6.560  0.3442E+01  0.3012E+01
  -6.550  0.1723E+01  0.3029E+01
  -6.540  0.1347E+01  0.3043E+01
  -6.530  0.2103E+01  0.3064E+01
  -6.520  0.8611E+00  0.3073E+01
  -6.510  0.1029E+01  0.3083E+01
  -6.500  0.1590E+01  0.3099E+01
  -6.490  0.2474E+01  0.3123E+01
  -6.480  0.5130E+01  0.3175E+01
  -6.470  0.7944E+01  0.3254E+01
  -6.460  0.6740E+01  0.3322E+01
  -6.450  0.3410E+01  0.3356E+01
  -6.440  0.2056E+01  0.3376E+01
  -6.430  0.3876E+01  0.3415E+01
  -6.420  0.4957E+01  0.3465E+01
  -6.410  0.2772E+01  0.3492E+01
  -6.400  0.2434E+01  0.3517E+01
  -6.390  0.2896E+01  0.3546E+01
  -6.380  0.2028E+01  0.3566E+01
  -6.370  0.1740E+01  0.3583E+01
  -6.360  0.3160E+01  0.3615E+01
  -6.350  0.2832E+01  0.3643E+01
  -6.340  0.9775E+00  0.3653E+01
  -6.330  0.9936E+00  0.3663E+01
  -6.320  0.1695E+01  0.3680E+01
  -6.310  0.2385E+01  0.3704E+01
  -6.300  0.1867E+01  0.3722E+01
  -6.290  0.2906E+01  0.3751E+01
  -6.280  0.3084E+01  0.3782E+01
  -6.270  0.2553E+01  0.3808E+01
  -6.260  0.1231E+01  0.3820E+01
  -6.250  0.2029E+01  0.3840E+01
  -6.240  0.4174E+01  0.3882E+01
  -6.230  0.2717E+01  0.3909E+01
  -6.220  0.1129E+01  0.3921E+01
  -6.210  0.5967E+00  0.3927E+01
  -6.200  0.1127E+01  0.3938E+01
  -6.190  0.2652E+01  0.3964E+01
  -6.180  0.3303E+01  0.3997E+01
  -6.170  0.2954E+01  0.4027E+01
  -6.160  0.1580E+01  0.4043E+01
  -6.150  0.1943E+01  0.4062E+01
  -6.140  0.2813E+01  0.4090E+01
  -6.130  0.2130E+01  0.4112E+01
  -6.120  0.1340E+01  0.4125E+01
  -6.110  0.2015E+01  0.4145E+01
  -6.100  0.5122E+01  0.4196E+01
  -6.090  0.4828E+01  0.4245E+01
  -6.080  0.1735E+01  0.4262E+01
  -6.070  0.1562E+01  0.4278E+01
  -6.060  0.2652E+01  0.4304E+01
  -6.050  0.2496E+01  0.4329E+01
  -6.040  0.3822E+01  0.4367E+01
  -6.030  0.6402E+01  0.4431E+01
  -6.020  0.7728E+01  0.4509E+01
  -6.010  0.3971E+01  0.4548E+01
  -6.000 -0.5312E+00  0.4543E+01
  -5.990 -0.5494E+00  0.4537E+01
  -5.980  0.1790E+00  0.4539E+01
  -5.970  0.1074E+01  0.4550E+01
  -5.960  0.1716E+01  0.4567E+01
  -5.950  0.1674E+01  0.4584E+01
  -5.940  0.1458E+01  0.4598E+01
  -5.930  0.6608E+00  0.4605E+01
  -5.920  0.1449E+00  0.4607E+01
  -5.910  0.1345E+01  0.4620E+01
  -5.900  0.2310E+01  0.4643E+01
  -5.890  0.7512E+00  0.4651E+01
  -5.880  0.6174E-01  0.4651E+01
  -5.870  0.1046E+01  0.4662E+01
  -5.860  0.1333E+01  0.4675E+01
  -5.850  0.1197E+01  0.4687E+01
  -5.840  0.1062E+01  0.4698E+01
  -5.830  0.1094E+01  0.4709E+01
  -5.820  0.1046E+01  0.4719E+01
  -5.810  0.2077E+01  0.4740E+01
  -5.800  0.3365E+01  0.4773E+01
  -5.790  0.1068E+01  0.4784E+01
  -5.780 -0.2782E+00  0.4781E+01
  -5.770  0.7990E+00  0.4789E+01
  -5.760  0.2263E+01  0.4812E+01
  -5.750  0.2360E+01  0.4836E+01
  -5.740  0.3695E+01  0.4872E+01
  -5.730  0.6402E+01  0.4937E+01
  -5.720  0.6955E+01  0.5006E+01
  -5.710  0.9118E+01  0.5097E+01
  -5.700  0.1256E+02  0.5223E+01
  -5.690  0.1005E+02  0.5323E+01
  -5.680  0.7368E+01  0.5397E+01
  -5.670  0.4872E+01  0.5446E+01
  -5.660  0.2650E+01  0.5472E+01
  -5.650  0.2701E+01  0.5499E+01
  -5.640  0.2970E+01  0.5529E+01
  -5.630  0.3070E+01  0.5560E+01
  -5.620  0.3245E+01  0.5592E+01
  -5.610  0.3546E+01  0.5628E+01
  -5.600  0.4184E+01  0.5669E+01
  -5.590  0.5565E+01  0.5725E+01
  -5.580  0.6480E+01  0.5790E+01
  -5.570  0.3140E+01  0.5821E+01
  -5.560 -0.4745E+00  0.5816E+01
  -5.550 -0.4599E+00  0.5812E+01
  -5.540 -0.5544E-01  0.5811E+01
  -5.530 -0.1878E-02  0.5811E+01
  -5.520 -0.1996E-04  0.5811E+01
  -5.510 -0.6907E-07  0.5811E+01
  -5.500 -0.7905E-10  0.5811E+01
  -5.490 -0.3019E-13  0.5811E+01
  -5.480 -0.3868E-17  0.5811E+01
  -5.470 -0.1668E-21  0.5811E+01
  -5.460 -0.2425E-26  0.5811E+01
  -5.450 -0.1191E-31  0.5811E+01
  -5.440 -0.1978E-37  0.5811E+01
  -5.430 -0.1112E-43  0.5811E+01
  -5.420 -0.2117E-50  0.5811E+01
  -5.410 -0.1365E-57  0.5811E+01
  -5.400 -0.2982E-65  0.5811E+01
  -5.390 -0.2209E-73  0.5811E+01
  -5.380 -0.5242E-80  0.5811E+01
  -5.370 -0.5192E-80  0.5811E+01
  -5.360 -0.5197E-80  0.5811E+01
  -5.350 -0.5202E-80  0.5811E+01
  -5.340 -0.5207E-80  0.5811E+01
  -5.330  0.2876E-78  0.5811E+01
  -5.320  0.7613E-70  0.5811E+01
  -5.310  0.6705E-62  0.5811E+01
  -5.300  0.2001E-54  0.5811E+01
  -5.290  0.2022E-47  0.5811E+01
  -5.280  0.6920E-41  0.5811E+01
  -5.270  0.8020E-35  0.5811E+01
  -5.260  0.3146E-29  0.5811E+01
  -5.250  0.4176E-24  0.5811E+01
  -5.240  0.1875E-19  0.5811E+01
  -5.230  0.2846E-15  0.5811E+01
  -5.220  0.1458E-11  0.5811E+01
  -5.210  0.2521E-08  0.5811E+01
  -5.200  0.1467E-05  0.5811E+01
  -5.190  0.2870E-03  0.5811E+01
  -5.180  0.1886E-01  0.5812E+01
  -5.170  0.4174E+00  0.5816E+01
  -5.160  0.3159E+01  0.5847E+01
  -5.150  0.8588E+01  0.5933E+01
  -5.140  0.9912E+01  0.6032E+01
  -5.130  0.8191E+01  0.6114E+01
  -5.120  0.7179E+01  0.6186E+01
  -5.110  0.5077E+01  0.6237E+01
  -5.100  0.3305E+01  0.6270E+01
  -5.090  0.3089E+01  0.6301E+01
  -5.080  0.3089E+01  0.6332E+01
  -5.070  0.3914E+01  0.6371E+01
  -5.060  0.4152E+01  0.6412E+01
  -5.050  0.3232E+01  0.6445E+01
  -5.040  0.2196E+01  0.6466E+01
  -5.030  0.1503E+01  0.6482E+01
  -5.020  0.2747E+01  0.6509E+01
  -5.010  0.3973E+01  0.6549E+01
  -5.000  0.1722E+01  0.6566E+01
  -4.990  0.1144E+01  0.6577E+01
  -4.980  0.3107E+01  0.6608E+01
  -4.970  0.3392E+01  0.6642E+01
  -4.960  0.2482E+01  0.6667E+01
  -4.950  0.1861E+01  0.6686E+01
  -4.940  0.1327E+01  0.6699E+01
  -4.930  0.1183E+01  0.6711E+01
  -4.920  0.1545E+01  0.6726E+01
  -4.910  0.3298E+01  0.6759E+01
  -4.900  0.3554E+01  0.6795E+01
  -4.890  0.1974E+01  0.6815E+01
  -4.880  0.1110E+01  0.6826E+01
  -4.870  0.6776E+00  0.6832E+01
  -4.860  0.1814E+01  0.6851E+01
  -4.850  0.2317E+01  0.6874E+01
  -4.840  0.1898E+01  0.6893E+01
  -4.830  0.2248E+01  0.6915E+01
  -4.820  0.2629E+01  0.6942E+01
  -4.810  0.1654E+01  0.6958E+01
  -4.800  0.1177E+01  0.6970E+01
  -4.790  0.1028E+01  0.6980E+01
  -4.780  0.1380E+01  0.6994E+01
  -4.770  0.2813E+01  0.7022E+01
  -4.760  0.2760E+01  0.7050E+01
  -4.750  0.1694E+01  0.7067E+01
  -4.740  0.3193E+00  0.7070E+01
  -4.730  0.7786E+00  0.7078E+01
  -4.720  0.1593E+01  0.7094E+01
  -4.710  0.2773E+01  0.7121E+01
  -4.700  0.3981E+01  0.7161E+01
  -4.690  0.2102E+01  0.7182E+01
  -4.680  0.8814E+00  0.7191E+01
  -4.670  0.9166E+00  0.7200E+01
  -4.660  0.1163E+01  0.7212E+01
  -4.650  0.2099E+01  0.7233E+01
  -4.640  0.1606E+01  0.7249E+01
  -4.630  0.1911E+01  0.7268E+01
  -4.620  0.3609E+01  0.7304E+01
  -4.610  0.3021E+01  0.7334E+01
  -4.600  0.1082E+01  0.7345E+01
  -4.590  0.6458E+00  0.7351E+01
  -4.580 -0.1124E-01  0.7351E+01
  -4.570 -0.1317E+00  0.7350E+01
  -4.560 -0.7979E-02  0.7350E+01
  -4.550  0.2366E+00  0.7352E+01
  -4.540  0.1403E+01  0.7366E+01
  -4.530  0.2476E+01  0.7391E+01
  -4.520  0.1392E+01  0.7405E+01
  -4.510  0.1170E+01  0.7417E+01
  -4.500  0.1360E+01  0.7430E+01
  -4.490  0.8886E+00  0.7439E+01
  -4.480  0.1752E-01  0.7439E+01
  -4.470 -0.1265E-01  0.7439E+01
  -4.460  0.8008E+00  0.7447E+01
  -4.450  0.1903E+01  0.7466E+01
  -4.440  0.1698E+01  0.7483E+01
  -4.430  0.9719E+00  0.7493E+01
  -4.420  0.9980E+00  0.7503E+01
  -4.410  0.2700E+00  0.7506E+01
  -4.400 -0.1511E+00  0.7504E+01
  -4.390  0.6718E-01  0.7505E+01
  -4.380  0.9354E+00  0.7514E+01
  -4.370  0.2473E+01  0.7539E+01
  -4.360  0.2136E+01  0.7560E+01
  -4.350  0.1077E+01  0.7571E+01
  -4.340  0.7150E+00  0.7578E+01
  -4.330  0.1046E+01  0.7589E+01
  -4.320  0.5039E+00  0.7594E+01
  -4.310 -0.1006E+00  0.7593E+01
  -4.300  0.3173E+00  0.7596E+01
  -4.290  0.1139E+01  0.7607E+01
  -4.280  0.9408E+00  0.7617E+01
  -4.270  0.6680E+00  0.7623E+01
  -4.260  0.1129E+01  0.7635E+01
  -4.250  0.7536E+00  0.7642E+01
  -4.240  0.1792E+01  0.7660E+01
  -4.230  0.2757E+01  0.7688E+01
  -4.220  0.2204E+01  0.7710E+01
  -4.210  0.2500E+01  0.7735E+01
  -4.200  0.1473E+01  0.7749E+01
  -4.190  0.7758E-01  0.7750E+01
  -4.180  0.1189E+01  0.7762E+01
  -4.170  0.2402E+01  0.7786E+01
  -4.160  0.9804E+00  0.7796E+01
  -4.150  0.9366E+00  0.7805E+01
  -4.140  0.2402E+01  0.7829E+01
  -4.130  0.2256E+01  0.7852E+01
  -4.120  0.8284E+00  0.7860E+01
  -4.110  0.7950E+00  0.7868E+01
  -4.100  0.2340E+01  0.7891E+01
  -4.090  0.1913E+01  0.7911E+01
  -4.080  0.1707E+01  0.7928E+01
  -4.070  0.1691E+01  0.7945E+01
  -4.060  0.6799E+00  0.7951E+01
  -4.050  0.1158E+01  0.7963E+01
  -4.040  0.1522E+01  0.7978E+01
  -4.030  0.1003E+01  0.7988E+01
  -4.020  0.7480E-01  0.7989E+01
  -4.010 -0.1143E+00  0.7988E+01
  -4.000  0.3547E+00  0.7991E+01
  -3.990  0.1298E+01  0.8004E+01
  -3.980  0.1675E+01  0.8021E+01
  -3.970  0.1091E+01  0.8032E+01
  -3.960  0.1567E+00  0.8034E+01
  -3.950  0.3489E+00  0.8037E+01
  -3.940  0.1687E+01  0.8054E+01
  -3.930  0.1944E+01  0.8073E+01
  -3.920  0.4897E+00  0.8078E+01
  -3.910 -0.7705E-02  0.8078E+01
  -3.900  0.9000E+00  0.8087E+01
  -3.890  0.1628E+01  0.8103E+01
  -3.880  0.2343E+01  0.8127E+01
  -3.870  0.3052E+01  0.8157E+01
  -3.860  0.1075E+01  0.8168E+01
  -3.850 -0.3047E+00  0.8165E+01
  -3.840  0.4913E+00  0.8170E+01
  -3.830  0.2705E+01  0.8197E+01
  -3.820  0.3364E+01  0.8231E+01
  -3.810  0.1531E+01  0.8246E+01
  -3.800  0.2057E+01  0.8267E+01
  -3.790  0.1780E+01  0.8284E+01
  -3.780  0.1755E+01  0.8302E+01
  -3.770  0.1636E+01  0.8318E+01
  -3.760  0.1203E+00  0.8320E+01
  -3.750 -0.2224E+00  0.8317E+01
  -3.740  0.5331E-01  0.8318E+01
  -3.730  0.1111E+01  0.8329E+01
  -3.720  0.4375E+01  0.8373E+01
  -3.710  0.6212E+01  0.8435E+01
  -3.700  0.3380E+01  0.8469E+01
  -3.690  0.1408E+01  0.8483E+01
  -3.680  0.1090E+01  0.8494E+01
  -3.670  0.1824E+00  0.8495E+01
  -3.660  0.2029E+00  0.8497E+01
  -3.650  0.1242E+01  0.8510E+01
  -3.640  0.1627E+01  0.8526E+01
  -3.630  0.1457E+01  0.8541E+01
  -3.620  0.2577E+01  0.8566E+01
  -3.610  0.5249E+01  0.8619E+01
  -3.600  0.4178E+01  0.8661E+01
  -3.590  0.1324E+01  0.8674E+01
  -3.580 -0.2675E+00  0.8671E+01
  -3.570 -0.2522E+00  0.8669E+01
  -3.560 -0.1214E-01  0.8669E+01
  -3.550  0.2672E+00  0.8671E+01
  -3.540  0.1109E+01  0.8682E+01
  -3.530  0.1981E+01  0.8702E+01
  -3.520  0.3632E+01  0.8739E+01
  -3.510  0.5030E+01  0.8789E+01
  -3.500  0.3272E+01  0.8822E+01
  -3.490  0.6679E+00  0.8828E+01
  -3.480 -0.3056E-01  0.8828E+01
  -3.470  0.9763E+00  0.8838E+01
  -3.460  0.8302E+00  0.8846E+01
  -3.450  0.1314E-01  0.8846E+01
  -3.440  0.4820E+00  0.8851E+01
  -3.430  0.1896E+01  0.8870E+01
  -3.420  0.3691E+01  0.8907E+01
  -3.410  0.4843E+01  0.8955E+01
  -3.400  0.5620E+01  0.9011E+01
  -3.390  0.7071E+01  0.9082E+01
  -3.380  0.4659E+01  0.9129E+01
  -3.370  0.2016E+01  0.9149E+01
  -3.360  0.2147E+01  0.9170E+01
  -3.350  0.3201E+01  0.9202E+01
  -3.340  0.3356E+01  0.9236E+01
  -3.330  0.4414E+01  0.9280E+01
  -3.320  0.6889E+01  0.9349E+01
  -3.310  0.5541E+01  0.9404E+01
  -3.300  0.4560E+01  0.9450E+01
  -3.290  0.6592E+01  0.9516E+01
  -3.280  0.4752E+01  0.9563E+01
  -3.270  0.4512E+01  0.9609E+01
  -3.260  0.5100E+01  0.9660E+01
  -3.250  0.3527E+01  0.9695E+01
  -3.240  0.2456E+01  0.9719E+01
  -3.230  0.3953E+01  0.9759E+01
  -3.220  0.5876E+01  0.9818E+01
  -3.210  0.4109E+01  0.9859E+01
  -3.200  0.3023E+01  0.9889E+01
  -3.190  0.2670E+01  0.9916E+01
  -3.180  0.1372E+01  0.9929E+01
  -3.170  0.9369E+00  0.9939E+01
  -3.160  0.1663E+01  0.9955E+01
  -3.150  0.2318E+01  0.9979E+01
  -3.140  0.3443E+01  0.1001E+02
  -3.130  0.4504E+01  0.1006E+02
  -3.120  0.4745E+01  0.1011E+02
  -3.110  0.2200E+01  0.1013E+02
  -3.100  0.6758E+00  0.1013E+02
  -3.090  0.3156E+01  0.1017E+02
  -3.080  0.3780E+01  0.1020E+02
  -3.070  0.2901E+01  0.1023E+02
  -3.060  0.3969E+01  0.1027E+02
  -3.050  0.4593E+01  0.1032E+02
  -3.040  0.3469E+01  0.1035E+02
  -3.030  0.1779E+01  0.1037E+02
  -3.020  0.1529E+01  0.1039E+02
  -3.010  0.2730E+01  0.1041E+02
  -3.000  0.3195E+01  0.1045E+02
  -2.990  0.3790E+01  0.1048E+02
  -2.980  0.3475E+01  0.1052E+02
  -2.970  0.2193E+01  0.1054E+02
  -2.960  0.4647E+01  0.1059E+02
  -2.950  0.6043E+01  0.1065E+02
  -2.940  0.3838E+01  0.1069E+02
  -2.930  0.4088E+01  0.1073E+02
  -2.920  0.7515E+01  0.1080E+02
  -2.910  0.1271E+02  0.1093E+02
  -2.900  0.1293E+02  0.1106E+02
  -2.890  0.8559E+01  0.1114E+02
  -2.880  0.1007E+02  0.1124E+02
  -2.870  0.9805E+01  0.1134E+02
  -2.860  0.6793E+01  0.1141E+02
  -2.850  0.8865E+01  0.1150E+02
  -2.840  0.1245E+02  0.1162E+02
  -2.830  0.1093E+02  0.1173E+02
  -2.820  0.3684E+01  0.1177E+02
  -2.810  0.4802E+00  0.1177E+02
  -2.800  0.1419E+01  0.1179E+02
  -2.790  0.2349E+01  0.1181E+02
  -2.780  0.3621E+01  0.1185E+02
  -2.770  0.6394E+01  0.1191E+02
  -2.760  0.4345E+01  0.1196E+02
  -2.750  0.1437E+01  0.1197E+02
  -2.740  0.3151E+01  0.1200E+02
  -2.730  0.2990E+01  0.1203E+02
  -2.720  0.5240E+00  0.1204E+02
  -2.710 -0.5696E-01  0.1204E+02
  -2.700  0.1660E+01  0.1205E+02
  -2.690  0.3274E+01  0.1209E+02
  -2.680  0.2354E+01  0.1211E+02
  -2.670  0.1752E+01  0.1213E+02
  -2.660  0.1835E+01  0.1214E+02
  -2.650  0.1835E+01  0.1216E+02
  -2.640  0.2990E+01  0.1219E+02
  -2.630  0.2085E+01  0.1221E+02
  -2.620  0.1229E+01  0.1223E+02
  -2.610  0.2591E+01  0.1225E+02
  -2.600  0.2172E+01  0.1227E+02
  -2.590  0.1196E+01  0.1229E+02
  -2.580  0.1563E+01  0.1230E+02
  -2.570  0.2442E+01  0.1233E+02
  -2.560  0.3281E+01  0.1236E+02
  -2.550  0.3634E+01  0.1239E+02
  -2.540  0.1647E+01  0.1241E+02
  -2.530 -0.3383E+00  0.1241E+02
  -2.520  0.2164E+00  0.1241E+02
  -2.510  0.1158E+01  0.1242E+02
  -2.500  0.7333E+00  0.1243E+02
  -2.490  0.2287E+00  0.1243E+02
  -2.480  0.1578E+01  0.1245E+02
  -2.470  0.2302E+01  0.1247E+02
  -2.460  0.4395E+00  0.1247E+02
  -2.450 -0.2974E+00  0.1247E+02
  -2.440 -0.6610E-01  0.1247E+02
  -2.430  0.7260E-01  0.1247E+02
  -2.420  0.5879E+00  0.1248E+02
  -2.410  0.1587E+01  0.1249E+02
  -2.400  0.2446E+01  0.1252E+02
  -2.390  0.3190E+01  0.1255E+02
  -2.380  0.2168E+01  0.1257E+02
  -2.370  0.2255E+01  0.1259E+02
  -2.360  0.3803E+01  0.1263E+02
  -2.350  0.2532E+01  0.1266E+02
  -2.340  0.1547E+01  0.1267E+02
  -2.330  0.1971E+01  0.1269E+02
  -2.320  0.1136E+01  0.1270E+02
  -2.310  0.2695E+01  0.1273E+02
  -2.300  0.3391E+01  0.1276E+02
  -2.290  0.2389E+01  0.1279E+02
  -2.280  0.2072E+01  0.1281E+02
  -2.270  0.2058E+01  0.1283E+02
  -2.260  0.2858E+01  0.1286E+02
  -2.250  0.1718E+01  0.1288E+02
  -2.240  0.2040E+01  0.1290E+02
  -2.230  0.3673E+01  0.1293E+02
  -2.220  0.3243E+01  0.1297E+02
  -2.210  0.2839E+01  0.1299E+02
  -2.200  0.1358E+01  0.1301E+02
  -2.190  0.1093E+01  0.1302E+02
  -2.180  0.2056E+01  0.1304E+02
  -2.170  0.2293E+01  0.1306E+02
  -2.160  0.1878E+01  0.1308E+02
  -2.150  0.5345E+01  0.1313E+02
  -2.140  0.8948E+01  0.1322E+02
  -2.130  0.5472E+01  0.1328E+02
  -2.120  0.1610E+01  0.1329E+02
  -2.110  0.9514E+00  0.1330E+02
  -2.100  0.3391E+01  0.1334E+02
  -2.090  0.3210E+01  0.1337E+02
  -2.080  0.7654E+00  0.1338E+02
  -2.070  0.3748E+00  0.1338E+02
  -2.060  0.2279E+01  0.1340E+02
  -2.050  0.3153E+01  0.1344E+02
  -2.040  0.2377E+01  0.1346E+02
  -2.030  0.1167E+01  0.1347E+02
  -2.020  0.2211E+01  0.1349E+02
  -2.010  0.3107E+01  0.1352E+02
  -2.000  0.7066E+00  0.1353E+02
  -1.990 -0.1247E+00  0.1353E+02
  -1.980  0.1616E+01  0.1355E+02
  -1.970  0.4543E+01  0.1359E+02
  -1.960  0.4455E+01  0.1364E+02
  -1.950  0.6922E+00  0.1364E+02
  -1.940 -0.2625E+00  0.1364E+02
  -1.930  0.1597E+01  0.1366E+02
  -1.920  0.3286E+01  0.1369E+02
  -1.910  0.1809E+01  0.1371E+02
  -1.900  0.7402E+00  0.1371E+02
  -1.890  0.2457E+01  0.1374E+02
  -1.880  0.3494E+01  0.1377E+02
  -1.870  0.3081E+01  0.1380E+02
  -1.860  0.2032E+01  0.1383E+02
  -1.850  0.1175E+01  0.1384E+02
  -1.840  0.9186E+00  0.1385E+02
  -1.830  0.1681E+01  0.1386E+02
  -1.820  0.3566E+01  0.1390E+02
  -1.810  0.5579E+01  0.1395E+02
  -1.800  0.6920E+01  0.1402E+02
  -1.790  0.8111E+01  0.1410E+02
  -1.780  0.3229E+01  0.1414E+02
  -1.770  0.1529E+01  0.1415E+02
  -1.760  0.3661E+01  0.1419E+02
  -1.750  0.3736E+01  0.1423E+02
  -1.740  0.2841E+01  0.1425E+02
  -1.730  0.4144E+01  0.1430E+02
  -1.720  0.5418E+01  0.1435E+02
  -1.710  0.5007E+01  0.1440E+02
  -1.700  0.2622E+01  0.1443E+02
  -1.690  0.3529E+01  0.1446E+02
  -1.680  0.6219E+01  0.1452E+02
  -1.670  0.4163E+01  0.1457E+02
  -1.660  0.3410E+00  0.1457E+02
  -1.650  0.1602E+01  0.1459E+02
  -1.640  0.4427E+01  0.1463E+02
  -1.630  0.4168E+01  0.1467E+02
  -1.620  0.3673E+01  0.1471E+02
  -1.610  0.3024E+01  0.1474E+02
  -1.600  0.2434E+01  0.1476E+02
  -1.590  0.3292E+01  0.1480E+02
  -1.580  0.3104E+01  0.1483E+02
  -1.570  0.2871E+01  0.1485E+02
  -1.560  0.5209E+01  0.1491E+02
  -1.550  0.4809E+01  0.1496E+02
  -1.540  0.3118E+01  0.1499E+02
  -1.530  0.3744E+01  0.1502E+02
  -1.520  0.3252E+01  0.1506E+02
  -1.510  0.2955E+01  0.1509E+02
  -1.500  0.4098E+01  0.1513E+02
  -1.490  0.5096E+01  0.1518E+02
  -1.480  0.7055E+01  0.1525E+02
  -1.470  0.7799E+01  0.1533E+02
  -1.460  0.4790E+01  0.1537E+02
  -1.450  0.2763E+01  0.1540E+02
  -1.440  0.3354E+01  0.1544E+02
  -1.430  0.4388E+01  0.1548E+02
  -1.420  0.5656E+01  0.1554E+02
  -1.410  0.4039E+01  0.1558E+02
  -1.400  0.2823E-01  0.1558E+02
  -1.390 -0.2110E+00  0.1557E+02
  -1.380  0.1307E+01  0.1559E+02
  -1.370  0.2424E+01  0.1561E+02
  -1.360  0.2361E+01  0.1564E+02
  -1.350  0.1198E+01  0.1565E+02
  -1.340  0.9235E+00  0.1566E+02
  -1.330  0.3094E+00  0.1566E+02
  -1.320 -0.1566E+00  0.1566E+02
  -1.310 -0.5131E-01  0.1566E+02
  -1.300  0.1311E-01  0.1566E+02
  -1.290  0.2900E+00  0.1566E+02
  -1.280  0.1743E+01  0.1568E+02
  -1.270  0.3413E+01  0.1571E+02
  -1.260  0.1670E+01  0.1573E+02
  -1.250 -0.2494E+00  0.1573E+02
  -1.240  0.2731E+00  0.1573E+02
  -1.230  0.1660E+01  0.1575E+02
  -1.220  0.2669E+01  0.1577E+02
  -1.210  0.1944E+01  0.1579E+02
  -1.200  0.7261E-01  0.1579E+02
  -1.190 -0.2680E+00  0.1579E+02
  -1.180 -0.4594E-01  0.1579E+02
  -1.170  0.1670E-01  0.1579E+02
  -1.160  0.2462E+00  0.1579E+02
  -1.150  0.9851E+00  0.1580E+02
  -1.140  0.1055E+01  0.1581E+02
  -1.130  0.4656E+00  0.1582E+02
  -1.120  0.2657E+01  0.1584E+02
  -1.110  0.6675E+01  0.1591E+02
  -1.100  0.5879E+01  0.1597E+02
  -1.090  0.2897E+01  0.1600E+02
  -1.080  0.1888E+01  0.1602E+02
  -1.070  0.2291E+01  0.1604E+02
  -1.060  0.1918E+01  0.1606E+02
  -1.050  0.1183E+01  0.1607E+02
  -1.040  0.1830E+01  0.1609E+02
  -1.030  0.2093E+01  0.1611E+02
  -1.020  0.2011E+01  0.1613E+02
  -1.010  0.1697E+01  0.1615E+02
  -1.000  0.1902E+01  0.1617E+02
  -0.990  0.2244E+01  0.1619E+02
  -0.980  0.1693E+01  0.1621E+02
  -0.970  0.1745E+01  0.1622E+02
  -0.960  0.9983E+00  0.1623E+02
  -0.950  0.7085E+00  0.1624E+02
  -0.940  0.1706E+01  0.1626E+02
  -0.930  0.1528E+01  0.1627E+02
  -0.920  0.2978E+00  0.1628E+02
  -0.910 -0.6064E-01  0.1627E+02
  -0.900  0.9738E+00  0.1628E+02
  -0.890  0.2474E+01  0.1631E+02
  -0.880  0.1902E+01  0.1633E+02
  -0.870  0.1521E+01  0.1634E+02
  -0.860  0.2652E+01  0.1637E+02
  -0.850  0.3943E+01  0.1641E+02
  -0.840  0.4781E+01  0.1646E+02
  -0.830  0.3574E+01  0.1649E+02
  -0.820  0.8124E+00  0.1650E+02
  -0.810  0.6388E+00  0.1651E+02
  -0.800  0.1680E+01  0.1652E+02
  -0.790  0.2123E+01  0.1655E+02
  -0.780  0.2722E+01  0.1657E+02
  -0.770  0.2313E+01  0.1660E+02
  -0.760  0.9440E+00  0.1661E+02
  -0.750  0.2280E+00  0.1661E+02
  -0.740  0.1685E+01  0.1662E+02
  -0.730  0.3858E+01  0.1666E+02
  -0.720  0.2999E+01  0.1669E+02
  -0.710  0.1638E+01  0.1671E+02
  -0.700  0.3889E+01  0.1675E+02
  -0.690  0.4289E+01  0.1679E+02
  -0.680  0.2561E+01  0.1682E+02
  -0.670  0.2187E+01  0.1684E+02
  -0.660  0.8665E+00  0.1685E+02
  -0.650 -0.1305E+00  0.1685E+02
  -0.640 -0.1582E+00  0.1684E+02
  -0.630 -0.2347E-01  0.1684E+02
  -0.620  0.4387E-02  0.1684E+02
  -0.610  0.1307E+00  0.1685E+02
  -0.600  0.1023E+01  0.1686E+02
  -0.590  0.2392E+01  0.1688E+02
  -0.580  0.1432E+01  0.1689E+02
  -0.570  0.7784E+00  0.1690E+02
  -0.560  0.1850E+01  0.1692E+02
  -0.550  0.1346E+01  0.1693E+02
  -0.540  0.5265E-01  0.1693E+02
  -0.530 -0.1357E+00  0.1693E+02
  -0.520  0.3910E+00  0.1694E+02
  -0.510  0.1164E+01  0.1695E+02
  -0.500  0.7502E+00  0.1696E+02
  -0.490 -0.8978E-01  0.1696E+02
  -0.480 -0.6908E-01  0.1695E+02
  -0.470  0.2653E+00  0.1696E+02
  -0.460  0.1025E+01  0.1697E+02
  -0.450  0.9911E+00  0.1698E+02
  -0.440  0.7519E-01  0.1698E+02
  -0.430  0.3175E+00  0.1698E+02
  -0.420  0.1473E+01  0.1700E+02
  -0.410  0.2383E+01  0.1702E+02
  -0.400  0.2203E+01  0.1704E+02
  -0.390  0.4140E+00  0.1705E+02
  -0.380 -0.1430E+00  0.1704E+02
  -0.370  0.7960E+00  0.1705E+02
  -0.360  0.1690E+01  0.1707E+02
  -0.350  0.1460E+01  0.1708E+02
  -0.340  0.5417E+00  0.1709E+02
  -0.330  0.4522E+00  0.1709E+02
  -0.320  0.1338E+01  0.1711E+02
  -0.310  0.1709E+01  0.1712E+02
  -0.300  0.2321E+01  0.1715E+02
  -0.290  0.1699E+01  0.1716E+02
  -0.280  0.9609E+00  0.1717E+02
  -0.270  0.3164E+00  0.1718E+02
  -0.260  0.6095E+00  0.1718E+02
  -0.250  0.1619E+01  0.1720E+02
  -0.240  0.1552E+01  0.1722E+02
  -0.230  0.8357E+00  0.1722E+02
  -0.220  0.8934E+00  0.1723E+02
  -0.210  0.9355E+00  0.1724E+02
  -0.200  0.4821E+00  0.1725E+02
  -0.190  0.1071E+01  0.1726E+02
  -0.180  0.7043E+00  0.1726E+02
  -0.170  0.3269E+00  0.1727E+02
  -0.160  0.1135E+01  0.1728E+02
  -0.150  0.1136E+01  0.1729E+02
  -0.140  0.1061E+01  0.1730E+02
  -0.130  0.7004E+00  0.1731E+02
  -0.120  0.1717E+00  0.1731E+02
  -0.110  0.1201E+01  0.1732E+02
  -0.100  0.2588E+01  0.1735E+02
  -0.090  0.2900E+01  0.1738E+02
  -0.080  0.1842E+01  0.1740E+02
  -0.070  0.1967E+00  0.1740E+02
  -0.060 -0.2550E+00  0.1739E+02
  -0.050 -0.6185E-01  0.1739E+02
  -0.040  0.9425E-01  0.1739E+02
  -0.030  0.8582E+00  0.1740E+02
  -0.020  0.2700E+01  0.1743E+02
  -0.010  0.3153E+01  0.1746E+02
  -0.000  0.2607E+01  0.1749E+02
   0.010  0.4622E+01  0.1753E+02
   0.020  0.3899E+01  0.1757E+02
   0.030  0.1693E+01  0.1759E+02
   0.040  0.1600E+01  0.1761E+02
   0.050  0.2497E+01  0.1763E+02
   0.060  0.3550E+01  0.1767E+02
   0.070  0.2106E+01  0.1769E+02
   0.080  0.1197E+01  0.1770E+02
   0.090  0.2137E+01  0.1772E+02
   0.100  0.6557E+00  0.1773E+02
   0.110 -0.7090E-01  0.1773E+02
   0.120  0.1594E+01  0.1774E+02
   0.130  0.3723E+01  0.1778E+02
   0.140  0.2743E+01  0.1781E+02
   0.150  0.2567E+01  0.1783E+02
   0.160  0.3044E+01  0.1786E+02
   0.170  0.1861E+01  0.1788E+02
   0.180  0.1179E+01  0.1789E+02
   0.190  0.3767E+01  0.1793E+02
   0.200  0.5895E+01  0.1799E+02
   0.210  0.3274E+01  0.1802E+02
   0.220  0.1294E+01  0.1804E+02
   0.230  0.1743E+01  0.1805E+02
   0.240  0.6228E+00  0.1806E+02
   0.250  0.1304E+01  0.1807E+02
   0.260  0.2198E+01  0.1809E+02
   0.270  0.5814E+00  0.1810E+02
   0.280 -0.2742E+00  0.1810E+02
   0.290 -0.8549E-01  0.1810E+02
   0.300 -0.5695E-02  0.1810E+02
   0.310  0.1928E-02  0.1810E+02
   0.320  0.5538E-01  0.1810E+02
   0.330  0.4733E+00  0.1810E+02
   0.340  0.1190E+01  0.1811E+02
   0.350  0.6847E+00  0.1812E+02
   0.360  0.9362E-02  0.1812E+02
   0.370  0.6592E+00  0.1813E+02
   0.380  0.1508E+01  0.1814E+02
   0.390  0.1424E+01  0.1816E+02
   0.400  0.7799E+00  0.1816E+02
   0.410 -0.5621E-01  0.1816E+02
   0.420 -0.1192E+00  0.1816E+02
   0.430 -0.1590E-01  0.1816E+02
   0.440 -0.5361E-03  0.1816E+02
   0.450  0.1573E-02  0.1816E+02
   0.460  0.4628E-01  0.1816E+02
   0.470  0.4348E+00  0.1817E+02
   0.480  0.1328E+01  0.1818E+02
   0.490  0.1761E+01  0.1820E+02
   0.500  0.2043E+01  0.1822E+02
   0.510  0.1247E+01  0.1823E+02
   0.520 -0.6501E-01  0.1823E+02
   0.530 -0.1706E+00  0.1823E+02
   0.540  0.7849E-01  0.1823E+02
   0.550  0.6676E+00  0.1824E+02
   0.560  0.1214E+01  0.1825E+02
   0.570  0.4115E+00  0.1825E+02
   0.580 -0.1309E+00  0.1825E+02
   0.590  0.1956E+00  0.1825E+02
   0.600  0.9843E+00  0.1826E+02
   0.610  0.1033E+01  0.1827E+02
   0.620  0.9569E-01  0.1827E+02
   0.630  0.2104E+00  0.1828E+02
   0.640  0.1080E+01  0.1829E+02
   0.650  0.8841E+00  0.1830E+02
   0.660  0.5918E-01  0.1830E+02
   0.670  0.1024E+01  0.1831E+02
   0.680  0.4513E+01  0.1835E+02
   0.690  0.6283E+01  0.1842E+02
   0.700  0.4202E+01  0.1846E+02
   0.710  0.4298E+01  0.1850E+02
   0.720  0.4197E+01  0.1854E+02
   0.730  0.1759E+01  0.1856E+02
   0.740  0.4319E+00  0.1856E+02
   0.750  0.1038E+01  0.1857E+02
   0.760  0.2283E+01  0.1860E+02
   0.770  0.1172E+01  0.1861E+02
   0.780  0.7181E+00  0.1862E+02
   0.790  0.9495E+00  0.1863E+02
   0.800  0.4184E+00  0.1863E+02
   0.810  0.1355E+01  0.1864E+02
   0.820  0.2110E+01  0.1866E+02
   0.830  0.1158E+01  0.1868E+02
   0.840  0.9542E+00  0.1869E+02
   0.850  0.7838E+00  0.1869E+02
   0.860  0.8059E+00  0.1870E+02
   0.870  0.2206E+01  0.1872E+02
   0.880  0.1640E+01  0.1874E+02
   0.890  0.7512E+00  0.1875E+02
   0.900  0.9974E+00  0.1876E+02
   0.910  0.6553E+00  0.1876E+02
   0.920  0.1093E+01  0.1878E+02
   0.930  0.9009E+00  0.1878E+02
   0.940  0.9764E+00  0.1879E+02
   0.950  0.1081E+01  0.1880E+02
   0.960  0.9736E+00  0.1881E+02
   0.970  0.1152E+01  0.1883E+02
   0.980  0.1032E+01  0.1884E+02
   0.990  0.1228E+01  0.1885E+02
   1.000  0.1739E+01  0.1887E+02
   1.010  0.3881E+01  0.1890E+02
   1.020  0.4282E+01  0.1895E+02
   1.030  0.1665E+01  0.1896E+02
   1.040  0.7196E+00  0.1897E+02
   1.050  0.1050E+01  0.1898E+02
   1.060  0.1109E+01  0.1899E+02
   1.070  0.1139E+01  0.1900E+02
   1.080  0.1139E+01  0.1902E+02
   1.090  0.1194E+01  0.1903E+02
   1.100  0.1359E+01  0.1904E+02
   1.110  0.2777E+01  0.1907E+02
   1.120  0.7869E+01  0.1915E+02
   1.130  0.1135E+02  0.1926E+02
   1.140  0.6151E+01  0.1932E+02
   1.150  0.1145E+01  0.1933E+02
   1.160  0.5165E+00  0.1934E+02
   1.170  0.2124E+01  0.1936E+02
   1.180  0.2657E+01  0.1939E+02
   1.190  0.1314E+01  0.1940E+02
   1.200  0.1119E+01  0.1941E+02
   1.210  0.1842E+01  0.1943E+02
   1.220  0.2771E+01  0.1946E+02
   1.230  0.4468E+01  0.1950E+02
   1.240  0.3358E+01  0.1954E+02
   1.250  0.2091E+01  0.1956E+02
   1.260  0.5166E+01  0.1961E+02
   1.270  0.7570E+01  0.1968E+02
   1.280  0.7045E+01  0.1975E+02
   1.290  0.5682E+01  0.1981E+02
   1.300  0.3424E+01  0.1985E+02
   1.310  0.1586E+01  0.1986E+02
   1.320  0.4296E+00  0.1987E+02
   1.330  0.1050E+01  0.1988E+02
   1.340  0.1609E+01  0.1989E+02
   1.350  0.4136E+01  0.1993E+02
   1.360  0.6934E+01  0.2000E+02
   1.370  0.6786E+01  0.2007E+02
   1.380  0.5849E+01  0.2013E+02
   1.390  0.5599E+01  0.2019E+02
   1.400  0.3087E+01  0.2022E+02
   1.410  0.2377E+01  0.2024E+02
   1.420  0.4248E+01  0.2028E+02
   1.430  0.3582E+01  0.2032E+02
   1.440  0.2768E+01  0.2035E+02
   1.450  0.2309E+01  0.2037E+02
   1.460  0.1952E+01  0.2039E+02
   1.470  0.3303E+01  0.2042E+02
   1.480  0.3627E+01  0.2046E+02
   1.490  0.2346E+01  0.2048E+02
   1.500  0.2290E+01  0.2050E+02
   1.510  0.3888E+01  0.2054E+02
   1.520  0.2682E+01  0.2057E+02
   1.530  0.1041E+01  0.2058E+02
   1.540  0.7144E+00  0.2059E+02
   1.550  0.1587E+01  0.2060E+02
   1.560  0.2971E+01  0.2063E+02
   1.570  0.3585E+01  0.2067E+02
   1.580  0.4191E+01  0.2071E+02
   1.590  0.2868E+01  0.2074E+02
   1.600  0.1172E+01  0.2075E+02
   1.610  0.2716E+01  0.2078E+02
   1.620  0.2912E+01  0.2081E+02
   1.630  0.1680E+01  0.2082E+02
   1.640  0.2653E+01  0.2085E+02
   1.650  0.3494E+01  0.2089E+02
   1.660  0.1921E+01  0.2091E+02
   1.670  0.2070E+01  0.2093E+02
   1.680  0.3780E+01  0.2096E+02
   1.690  0.4366E+01  0.2101E+02
   1.700  0.3696E+01  0.2104E+02
   1.710  0.4069E+01  0.2108E+02
   1.720  0.5892E+01  0.2114E+02
   1.730  0.4810E+01  0.2119E+02
   1.740  0.2048E+01  0.2121E+02
   1.750  0.1808E+01  0.2123E+02
   1.760  0.1823E+01  0.2125E+02
   1.770  0.1828E+01  0.2127E+02
   1.780  0.2931E+01  0.2130E+02
   1.790  0.2598E+01  0.2132E+02
   1.800  0.1872E+01  0.2134E+02
   1.810  0.1577E+01  0.2136E+02
   1.820  0.2383E+01  0.2138E+02
   1.830  0.3323E+01  0.2141E+02
   1.840  0.2329E+01  0.2144E+02
   1.850  0.2365E+01  0.2146E+02
   1.860  0.3752E+01  0.2150E+02
   1.870  0.4348E+01  0.2154E+02
   1.880  0.3278E+01  0.2157E+02
   1.890  0.1535E+01  0.2159E+02
   1.900  0.2111E+01  0.2161E+02
   1.910  0.3549E+01  0.2165E+02
   1.920  0.4967E+01  0.2170E+02
   1.930  0.6239E+01  0.2176E+02
   1.940  0.4266E+01  0.2180E+02
   1.950  0.3397E+01  0.2184E+02
   1.960  0.3428E+01  0.2187E+02
   1.970  0.2799E+01  0.2190E+02
   1.980  0.2604E+01  0.2192E+02
   1.990  0.2057E+01  0.2194E+02
   2.000  0.3230E+01  0.2198E+02
   2.010  0.2843E+01  0.2200E+02
   2.020  0.1511E+01  0.2202E+02
   2.030  0.1262E+01  0.2203E+02
   2.040  0.1735E+01  0.2205E+02
   2.050  0.4208E+01  0.2209E+02
   2.060  0.5826E+01  0.2215E+02
   2.070  0.4211E+01  0.2219E+02
   2.080  0.2263E+01  0.2221E+02
   2.090  0.2786E+01  0.2224E+02
   2.100  0.3630E+01  0.2228E+02
   2.110  0.3836E+01  0.2232E+02
   2.120  0.3100E+01  0.2235E+02
   2.130  0.4624E+01  0.2239E+02
   2.140  0.6875E+01  0.2246E+02
   2.150  0.5982E+01  0.2252E+02
   2.160  0.2065E+01  0.2254E+02
   2.170  0.5838E-01  0.2254E+02
   2.180  0.1731E+01  0.2256E+02
   2.190  0.4223E+01  0.2260E+02
   2.200  0.3039E+01  0.2263E+02
   2.210  0.1092E+01  0.2265E+02
   2.220  0.8484E+00  0.2265E+02
   2.230  0.1624E+01  0.2267E+02
   2.240  0.2076E+01  0.2269E+02
   2.250  0.9947E+00  0.2270E+02
   2.260  0.1589E+01  0.2272E+02
   2.270  0.1901E+01  0.2274E+02
   2.280  0.1632E+01  0.2275E+02
   2.290  0.3647E+01  0.2279E+02
   2.300  0.3671E+01  0.2283E+02
   2.310  0.1311E+01  0.2284E+02
   2.320  0.1526E+01  0.2285E+02
   2.330  0.2074E+01  0.2287E+02
   2.340  0.1470E+01  0.2289E+02
   2.350  0.4226E+00  0.2289E+02
   2.360  0.7277E+00  0.2290E+02
   2.370  0.1030E+01  0.2291E+02
   2.380  0.1155E+00  0.2291E+02
   2.390 -0.8951E-01  0.2291E+02
   2.400  0.4184E+00  0.2292E+02
   2.410  0.1175E+01  0.2293E+02
   2.420  0.7219E+00  0.2293E+02
   2.430 -0.9912E-01  0.2293E+02
   2.440 -0.8777E-01  0.2293E+02
   2.450 -0.8750E-02  0.2293E+02
   2.460  0.9708E-03  0.2293E+02
   2.470  0.3810E-01  0.2293E+02
   2.480  0.3808E+00  0.2294E+02
   2.490  0.1135E+01  0.2295E+02
   2.500  0.8199E+00  0.2296E+02
   2.510 -0.6454E-01  0.2296E+02
   2.520 -0.8607E-01  0.2295E+02
   2.530  0.1976E+00  0.2296E+02
   2.540  0.9224E+00  0.2297E+02
   2.550  0.1094E+01  0.2298E+02
   2.560  0.1750E+00  0.2298E+02
   2.570  0.2986E+00  0.2298E+02
   2.580  0.1146E+01  0.2299E+02
   2.590  0.7291E+00  0.2300E+02
   2.600 -0.9533E-01  0.2300E+02
   2.610 -0.4879E-01  0.2300E+02
   2.620  0.3834E+00  0.2300E+02
   2.630  0.1152E+01  0.2301E+02
   2.640  0.9454E+00  0.2302E+02
   2.650  0.7084E+00  0.2303E+02
   2.660  0.1083E+01  0.2304E+02
   2.670  0.2666E+00  0.2304E+02
   2.680 -0.1503E+00  0.2304E+02
   2.690  0.4063E-02  0.2304E+02
   2.700  0.4116E+00  0.2305E+02
   2.710  0.1158E+01  0.2306E+02
   2.720  0.7684E+00  0.2307E+02
   2.730 -0.8426E-01  0.2307E+02
   2.740 -0.9374E-01  0.2306E+02
   2.750 -0.9973E-02  0.2306E+02
   2.760 -0.2844E-03  0.2306E+02
   2.770 -0.2471E-05  0.2306E+02
   2.780  0.4379E-05  0.2306E+02
   2.790  0.6298E-03  0.2306E+02
   2.800  0.3027E-01  0.2306E+02
   2.810  0.4896E+00  0.2307E+02
   2.820  0.2714E+01  0.2310E+02
   2.830  0.5481E+01  0.2315E+02
   2.840  0.5048E+01  0.2320E+02
   2.850  0.3268E+01  0.2323E+02
   2.860  0.1170E+01  0.2325E+02
   2.870  0.2885E+00  0.2325E+02
   2.880  0.1151E+01  0.2326E+02
   2.890  0.1284E+01  0.2327E+02
   2.900  0.1041E+01  0.2328E+02
   2.910  0.2114E+00  0.2329E+02
   2.920 -0.1368E+00  0.2328E+02
   2.930  0.2143E+00  0.2329E+02
   2.940  0.1010E+01  0.2330E+02
   2.950  0.1252E+01  0.2331E+02
   2.960  0.1051E+01  0.2332E+02
   2.970  0.1317E+01  0.2333E+02
   2.980  0.1210E+01  0.2335E+02
   2.990  0.6865E+00  0.2335E+02
   3.000  0.4150E-01  0.2335E+02
   3.010  0.7064E+00  0.2336E+02
   3.020  0.1833E+01  0.2338E+02
   3.030  0.2437E+01  0.2340E+02
   3.040  0.2071E+01  0.2342E+02
   3.050  0.2186E+01  0.2344E+02
   3.060  0.4530E+01  0.2349E+02
   3.070  0.4344E+01  0.2353E+02
   3.080  0.2349E+01  0.2356E+02
   3.090  0.3129E+01  0.2359E+02
   3.100  0.4057E+01  0.2363E+02
   3.110  0.2061E+01  0.2365E+02
   3.120  0.1044E+01  0.2366E+02
   3.130  0.1259E+01  0.2367E+02
   3.140  0.2579E+01  0.2370E+02
   3.150  0.2508E+01  0.2372E+02
   3.160  0.8181E+00  0.2373E+02
   3.170  0.8292E+00  0.2374E+02
   3.180  0.1013E+01  0.2375E+02
   3.190  0.2359E+01  0.2377E+02
   3.200  0.7882E+01  0.2385E+02
   3.210  0.1074E+02  0.2396E+02
   3.220  0.9048E+01  0.2405E+02
   3.230  0.6502E+01  0.2412E+02
   3.240  0.3402E+01  0.2415E+02
   3.250  0.2020E+01  0.2417E+02
   3.260  0.2209E+01  0.2419E+02
   3.270  0.1974E+01  0.2421E+02
   3.280  0.1905E+01  0.2423E+02
   3.290  0.2260E+01  0.2425E+02
   3.300  0.1610E+01  0.2427E+02
   3.310  0.2168E+01  0.2429E+02
   3.320  0.1664E+01  0.2431E+02
   3.330  0.1034E+01  0.2432E+02
   3.340  0.8172E+00  0.2433E+02
   3.350  0.1492E+01  0.2434E+02
   3.360  0.2690E+01  0.2437E+02
   3.370  0.3562E+01  0.2440E+02
   3.380  0.3060E+01  0.2443E+02
   3.390  0.3511E+01  0.2447E+02
   3.400  0.3273E+01  0.2450E+02
   3.410  0.2106E+01  0.2452E+02
   3.420  0.1374E+01  0.2454E+02
   3.430  0.1124E+01  0.2455E+02
   3.440  0.2782E+01  0.2458E+02
   3.450  0.3088E+01  0.2461E+02
   3.460  0.9321E+00  0.2462E+02
   3.470  0.1431E+01  0.2463E+02
   3.480  0.2533E+01  0.2466E+02
   3.490  0.3139E+01  0.2469E+02
   3.500  0.3520E+01  0.2472E+02
   3.510  0.4616E+01  0.2477E+02
   3.520  0.6056E+01  0.2483E+02
   3.530  0.4277E+01  0.2487E+02
   3.540  0.2521E+01  0.2490E+02
   3.550  0.4669E+01  0.2494E+02
   3.560  0.5201E+01  0.2500E+02
   3.570  0.1500E+01  0.2501E+02
   3.580  0.1219E+01  0.2502E+02
   3.590  0.3906E+01  0.2506E+02
   3.600  0.4721E+01  0.2511E+02
   3.610  0.5465E+01  0.2516E+02
   3.620  0.5623E+01  0.2522E+02
   3.630  0.6219E+01  0.2528E+02
   3.640  0.7394E+01  0.2536E+02
   3.650  0.5611E+01  0.2541E+02
   3.660  0.3583E+01  0.2545E+02
   3.670  0.1882E+01  0.2547E+02
   3.680  0.2969E+01  0.2550E+02
   3.690  0.2392E+01  0.2552E+02
   3.700  0.2129E+01  0.2554E+02
   3.710  0.2032E+01  0.2556E+02
   3.720  0.2273E+01  0.2558E+02
   3.730  0.2174E+01  0.2561E+02
   3.740  0.2857E+01  0.2563E+02
   3.750  0.3861E+01  0.2567E+02
   3.760  0.1313E+01  0.2569E+02
   3.770 -0.5790E-01  0.2569E+02
   3.780  0.1169E+01  0.2570E+02
   3.790  0.1900E+01  0.2572E+02
   3.800  0.2566E+01  0.2574E+02
   3.810  0.3466E+01  0.2578E+02
   3.820  0.2607E+01  0.2580E+02
   3.830  0.2110E+01  0.2582E+02
   3.840  0.1324E+01  0.2584E+02
   3.850 -0.8836E-01  0.2584E+02
   3.860  0.4783E+00  0.2584E+02
   3.870  0.1423E+01  0.2586E+02
   3.880  0.1768E+01  0.2587E+02
   3.890  0.2431E+01  0.2590E+02
   3.900  0.1813E+01  0.2592E+02
   3.910  0.1053E+01  0.2593E+02
   3.920  0.1734E+01  0.2594E+02
   3.930  0.4094E+01  0.2598E+02
   3.940  0.4511E+01  0.2603E+02
   3.950  0.2982E+01  0.2606E+02
   3.960  0.1261E+01  0.2607E+02
   3.970  0.8066E+00  0.2608E+02
   3.980  0.1378E+01  0.2609E+02
   3.990  0.4032E+01  0.2613E+02
   4.000  0.6288E+01  0.2620E+02
   4.010  0.3790E+01  0.2623E+02
   4.020  0.1307E+01  0.2625E+02
   4.030  0.3283E+01  0.2628E+02
   4.040  0.3545E+01  0.2632E+02
   4.050  0.1730E+01  0.2633E+02
   4.060  0.3374E+01  0.2637E+02
   4.070  0.4777E+01  0.2642E+02
   4.080  0.2141E+01  0.2644E+02
   4.090  0.9558E+00  0.2645E+02
   4.100  0.2213E+01  0.2647E+02
   4.110  0.1466E+01  0.2648E+02
   4.120  0.2226E+01  0.2651E+02
   4.130  0.2990E+01  0.2654E+02
   4.140  0.1467E+01  0.2655E+02
   4.150  0.1708E+01  0.2657E+02
   4.160  0.2283E+01  0.2659E+02
   4.170  0.3030E+01  0.2662E+02
   4.180  0.3377E+01  0.2665E+02
   4.190  0.2018E+01  0.2667E+02
   4.200  0.2565E+01  0.2670E+02
   4.210  0.1941E+01  0.2672E+02
   4.220  0.8957E+00  0.2673E+02
   4.230  0.7833E+00  0.2674E+02
   4.240  0.6601E-01  0.2674E+02
   4.250  0.5550E+00  0.2674E+02
   4.260  0.3431E+01  0.2678E+02
   4.270  0.5826E+01  0.2683E+02
   4.280  0.4523E+01  0.2688E+02
   4.290  0.3822E+01  0.2692E+02
   4.300  0.4183E+01  0.2696E+02
   4.310  0.3296E+01  0.2699E+02
   4.320  0.2675E+01  0.2702E+02
   4.330  0.3347E+01  0.2705E+02
   4.340  0.4252E+01  0.2710E+02
   4.350  0.5598E+01  0.2715E+02
   4.360  0.5149E+01  0.2720E+02
   4.370  0.2857E+01  0.2723E+02
   4.380  0.3775E+01  0.2727E+02
   4.390  0.3873E+01  0.2731E+02
   4.400  0.3219E+01  0.2734E+02
   4.410  0.2788E+01  0.2737E+02
   4.420  0.2211E+01  0.2739E+02
   4.430  0.2366E+01  0.2741E+02
   4.440  0.2149E+01  0.2744E+02
   4.450  0.9786E+00  0.2745E+02
   4.460  0.1225E+01  0.2746E+02
   4.470  0.2047E+01  0.2748E+02
   4.480  0.1352E+01  0.2749E+02
   4.490  0.1940E+01  0.2751E+02
   4.500  0.3278E+01  0.2754E+02
   4.510  0.3919E+01  0.2758E+02
   4.520  0.4452E+01  0.2763E+02
   4.530  0.4766E+01  0.2767E+02
   4.540  0.4327E+01  0.2772E+02
   4.550  0.3770E+01  0.2776E+02
   4.560  0.2774E+01  0.2778E+02
   4.570  0.3013E+01  0.2781E+02
   4.580  0.2480E+01  0.2784E+02
   4.590  0.7698E+00  0.2785E+02
   4.600  0.2579E+01  0.2787E+02
   4.610  0.5458E+01  0.2793E+02
   4.620  0.6743E+01  0.2799E+02
   4.630  0.4484E+01  0.2804E+02
   4.640  0.3838E+01  0.2808E+02
   4.650  0.3352E+01  0.2811E+02
   4.660  0.2361E+01  0.2813E+02
   4.670  0.2136E+01  0.2816E+02
   4.680  0.1309E+01  0.2817E+02
   4.690  0.1151E+01  0.2818E+02
   4.700  0.1468E+01  0.2820E+02
   4.710  0.2250E+01  0.2822E+02
   4.720  0.2525E+01  0.2824E+02
   4.730  0.2369E+01  0.2827E+02
   4.740  0.2049E+01  0.2829E+02
   4.750  0.1348E+01  0.2830E+02
   4.760  0.2046E+01  0.2832E+02
   4.770  0.4592E+01  0.2837E+02
   4.780  0.4979E+01  0.2842E+02
   4.790  0.3424E+01  0.2845E+02
   4.800  0.5214E+01  0.2850E+02
   4.810  0.8687E+01  0.2859E+02
   4.820  0.7909E+01  0.2867E+02
   4.830  0.6210E+01  0.2873E+02
   4.840  0.6938E+01  0.2880E+02
   4.850  0.6375E+01  0.2886E+02
   4.860  0.6212E+01  0.2893E+02
   4.870  0.6330E+01  0.2899E+02
   4.880  0.5432E+01  0.2904E+02
   4.890  0.5250E+01  0.2910E+02
   4.900  0.5493E+01  0.2915E+02
   4.910  0.4431E+01  0.2920E+02
   4.920  0.2496E+01  0.2922E+02
   4.930  0.1414E+01  0.2923E+02
   4.940  0.2120E+01  0.2926E+02
   4.950  0.3209E+01  0.2929E+02
   4.960  0.3458E+01  0.2932E+02
   4.970  0.4891E+01  0.2937E+02
   4.980  0.4767E+01  0.2942E+02
   4.990  0.1394E+01  0.2943E+02
   5.000  0.1738E+01  0.2945E+02
   5.010  0.2620E+01  0.2948E+02
   5.020  0.3319E+01  0.2951E+02
   5.030  0.2973E+01  0.2954E+02
   5.040  0.2206E+01  0.2956E+02
   5.050  0.2488E+01  0.2959E+02
   5.060  0.2690E+01  0.2961E+02
   5.070  0.3413E+01  0.2965E+02
   5.080  0.3101E+01  0.2968E+02
   5.090  0.1825E+01  0.2970E+02
   5.100  0.1358E+01  0.2971E+02
   5.110  0.1378E+01  0.2972E+02
   5.120  0.1450E+01  0.2974E+02
   5.130  0.2724E+01  0.2977E+02
   5.140  0.5482E+01  0.2982E+02
   5.150  0.5950E+01  0.2988E+02
   5.160  0.4158E+01  0.2992E+02
   5.170  0.2558E+01  0.2995E+02
   5.180  0.1590E+01  0.2996E+02
   5.190  0.4677E+01  0.3001E+02
   5.200  0.9445E+01  0.3010E+02
   5.210  0.1012E+02  0.3021E+02
   5.220  0.7312E+01  0.3028E+02
   5.230  0.3267E+01  0.3031E+02
   5.240  0.2501E+01  0.3034E+02
   5.250  0.4482E+01  0.3038E+02
   5.260  0.3389E+01  0.3042E+02
   5.270  0.2885E+01  0.3044E+02
   5.280  0.1453E+01  0.3046E+02
   5.290  0.1103E+01  0.3047E+02
   5.300  0.1782E+01  0.3049E+02
   5.310  0.1293E+01  0.3050E+02
   5.320  0.1586E+01  0.3052E+02
   5.330  0.2698E+01  0.3054E+02
   5.340  0.2862E+01  0.3057E+02
   5.350  0.2285E+01  0.3059E+02
   5.360  0.1518E+01  0.3061E+02
   5.370  0.1882E+01  0.3063E+02
   5.380  0.2874E+01  0.3066E+02
   5.390  0.1509E+01  0.3067E+02
   5.400  0.9369E+00  0.3068E+02
   5.410  0.3707E+01  0.3072E+02
   5.420  0.6166E+01  0.3078E+02
   5.430  0.5925E+01  0.3084E+02
   5.440  0.5314E+01  0.3089E+02
   5.450  0.5225E+01  0.3095E+02
   5.460  0.6175E+01  0.3101E+02
   5.470  0.4944E+01  0.3106E+02
   5.480  0.3097E+01  0.3109E+02
   5.490  0.4190E+01  0.3113E+02
   5.500  0.2643E+01  0.3116E+02
   5.510  0.7182E+00  0.3116E+02
   5.520  0.9069E+00  0.3117E+02
   5.530  0.1238E+01  0.3118E+02
   5.540  0.2987E+01  0.3121E+02
   5.550  0.3992E+01  0.3125E+02
   5.560  0.2595E+01  0.3128E+02
   5.570  0.2084E+01  0.3130E+02
   5.580  0.3983E+01  0.3134E+02
   5.590  0.4675E+01  0.3139E+02
   5.600  0.1267E+01  0.3140E+02
   5.610 -0.3447E+00  0.3140E+02
   5.620  0.4667E+00  0.3140E+02
   5.630  0.2386E+01  0.3143E+02
   5.640  0.3146E+01  0.3146E+02
   5.650  0.2658E+01  0.3148E+02
   5.660  0.2633E+01  0.3151E+02
   5.670  0.4116E+01  0.3155E+02
   5.680  0.2692E+01  0.3158E+02
   5.690  0.7163E+00  0.3158E+02
   5.700  0.2138E+01  0.3161E+02
   5.710  0.2790E+01  0.3163E+02
   5.720  0.3589E+01  0.3167E+02
   5.730  0.4818E+01  0.3172E+02
   5.740  0.3963E+01  0.3176E+02
   5.750  0.4890E+01  0.3181E+02
   5.760  0.4027E+01  0.3185E+02
   5.770  0.2321E+01  0.3187E+02
   5.780  0.4227E+01  0.3191E+02
   5.790  0.6837E+01  0.3198E+02
   5.800  0.5164E+01  0.3203E+02
   5.810  0.9169E+00  0.3204E+02
   5.820  0.1308E+01  0.3205E+02
   5.830  0.4904E+01  0.3210E+02
   5.840  0.6274E+01  0.3217E+02
   5.850  0.4668E+01  0.3221E+02
   5.860  0.3970E+01  0.3225E+02
   5.870  0.4512E+01  0.3230E+02
   5.880  0.2828E+01  0.3233E+02
   5.890  0.1714E+01  0.3234E+02
   5.900  0.2236E+01  0.3237E+02
   5.910  0.1810E+01  0.3238E+02
   5.920  0.1733E+01  0.3240E+02
   5.930  0.1061E+01  0.3241E+02
   5.940  0.1054E+01  0.3242E+02
   5.950  0.1705E+01  0.3244E+02
   5.960  0.3364E+01  0.3247E+02
   5.970  0.4036E+01  0.3251E+02
   5.980  0.2482E+01  0.3254E+02
   5.990  0.1999E+01  0.3256E+02
   6.000  0.3236E+01  0.3259E+02
   6.010  0.2419E+01  0.3261E+02
   6.020  0.1652E+01  0.3263E+02
   6.030  0.3203E+01  0.3266E+02
   6.040  0.4611E+01  0.3271E+02
   6.050  0.3191E+01  0.3274E+02
   6.060  0.1084E+01  0.3275E+02
   6.070  0.5988E+00  0.3276E+02
   6.080 -0.4344E-01  0.3276E+02
   6.090 -0.2793E-01  0.3276E+02
   6.100  0.8199E+00  0.3277E+02
   6.110  0.2811E+01  0.3279E+02
   6.120  0.4331E+01  0.3284E+02
   6.130  0.2829E+01  0.3287E+02
   6.140  0.5059E+00  0.3287E+02
   6.150 -0.9372E-01  0.3287E+02
   6.160  0.1073E+01  0.3288E+02
   6.170  0.2547E+01  0.3291E+02
   6.180  0.1992E+01  0.3293E+02
   6.190  0.9122E+00  0.3293E+02
   6.200  0.5169E+00  0.3294E+02
   6.210  0.1228E+01  0.3295E+02
   6.220  0.1604E+01  0.3297E+02
   6.230  0.1992E+01  0.3299E+02
   6.240  0.1283E+01  0.3300E+02
   6.250  0.3323E+00  0.3300E+02
   6.260  0.9994E+00  0.3301E+02
   6.270  0.1123E+01  0.3303E+02
   6.280  0.1083E+01  0.3304E+02
   6.290  0.1376E+01  0.3305E+02
   6.300  0.2001E+01  0.3307E+02
   6.310  0.1799E+01  0.3309E+02
   6.320  0.6133E-01  0.3309E+02
   6.330 -0.1687E+00  0.3309E+02
   6.340  0.5103E+00  0.3309E+02
   6.350  0.1248E+01  0.3310E+02
   6.360  0.9438E+00  0.3311E+02
   6.370  0.1001E+01  0.3312E+02
   6.380  0.8808E+00  0.3313E+02
   6.390  0.8374E+00  0.3314E+02
   6.400  0.2517E+01  0.3317E+02
   6.410  0.3397E+01  0.3320E+02
   6.420  0.2006E+01  0.3322E+02
   6.430  0.1126E+00  0.3322E+02
   6.440  0.9656E-01  0.3322E+02
   6.450  0.1074E+01  0.3323E+02
   6.460  0.8219E+00  0.3324E+02
   6.470 -0.6270E-01  0.3324E+02
   6.480 -0.9873E-01  0.3324E+02
   6.490  0.5310E-01  0.3324E+02
   6.500  0.5171E+00  0.3325E+02
   6.510  0.1226E+01  0.3326E+02
   6.520  0.8758E+00  0.3327E+02
   6.530  0.8821E+00  0.3328E+02
   6.540  0.9766E+00  0.3329E+02
   6.550  0.5325E+00  0.3329E+02
   6.560  0.2076E+01  0.3331E+02
   6.570  0.3925E+01  0.3335E+02
   6.580  0.3230E+01  0.3338E+02
   6.590  0.1306E+01  0.3340E+02
   6.600  0.2802E+00  0.3340E+02
   6.610  0.1196E+01  0.3341E+02
   6.620  0.2659E+01  0.3344E+02
   6.630  0.1866E+01  0.3346E+02
   6.640  0.1280E+01  0.3347E+02
   6.650  0.2122E+01  0.3349E+02
   6.660  0.2537E+01  0.3352E+02
   6.670  0.1217E+01  0.3353E+02
   6.680  0.3194E-01  0.3353E+02
   6.690 -0.1864E+00  0.3353E+02
   6.700  0.3163E-01  0.3353E+02
   6.710  0.6746E+00  0.3353E+02
   6.720  0.2306E+01  0.3356E+02
   6.730  0.2951E+01  0.3359E+02
   6.740  0.1184E+01  0.3360E+02
   6.750  0.6660E+00  0.3360E+02
   6.760  0.2218E+01  0.3363E+02
   6.770  0.2411E+01  0.3365E+02
   6.780  0.1009E+01  0.3366E+02
   6.790 -0.5724E-01  0.3366E+02
   6.800  0.3618E+00  0.3366E+02
   6.810  0.1210E+01  0.3368E+02
   6.820  0.9728E+00  0.3369E+02
   6.830  0.1525E+01  0.3370E+02
   6.840  0.2138E+01  0.3372E+02
   6.850  0.4874E+00  0.3373E+02
   6.860 -0.2523E+00  0.3372E+02
   6.870  0.1797E+00  0.3373E+02
   6.880  0.1049E+01  0.3374E+02
   6.890  0.1519E+01  0.3375E+02
   6.900  0.1578E+01  0.3377E+02
   6.910  0.2217E+01  0.3379E+02
   6.920  0.2274E+01  0.3381E+02
   6.930  0.1055E+01  0.3382E+02
   6.940  0.1411E+01  0.3384E+02
   6.950  0.1578E+01  0.3385E+02
   6.960  0.4895E+00  0.3386E+02
   6.970 -0.1762E+00  0.3386E+02
   6.980 -0.8177E-01  0.3386E+02
   6.990 -0.6583E-02  0.3386E+02
   7.000  0.2268E-01  0.3386E+02
   7.010  0.3551E+00  0.3386E+02
   7.020  0.1724E+01  0.3388E+02
   7.030  0.2493E+01  0.3390E+02
   7.040  0.1460E+01  0.3392E+02
   7.050  0.1914E+01  0.3393E+02
   7.060  0.3278E+01  0.3397E+02
   7.070  0.2749E+01  0.3400E+02
   7.080  0.1133E+01  0.3401E+02
   7.090  0.4968E+00  0.3401E+02
   7.100  0.9658E-02  0.3401E+02
   7.110  0.6510E+00  0.3402E+02
   7.120  0.1182E+01  0.3403E+02
   7.130  0.3108E+00  0.3403E+02
   7.140 -0.1270E+00  0.3403E+02
   7.150  0.3722E+00  0.3404E+02
   7.160  0.2332E+01  0.3406E+02
   7.170  0.4357E+01  0.3410E+02
   7.180  0.2288E+01  0.3413E+02
   7.190  0.1856E+00  0.3413E+02
   7.200  0.1426E+01  0.3414E+02
   7.210  0.2053E+01  0.3416E+02
   7.220  0.4518E+00  0.3417E+02
   7.230 -0.9222E-02  0.3417E+02
   7.240  0.9088E+00  0.3418E+02
   7.250  0.1043E+01  0.3419E+02
   7.260  0.2861E+00  0.3419E+02
   7.270  0.1603E+01  0.3420E+02
   7.280  0.4482E+01  0.3425E+02
   7.290  0.3579E+01  0.3429E+02
   7.300  0.1130E+01  0.3430E+02
   7.310  0.9618E+00  0.3431E+02
   7.320  0.2515E+01  0.3433E+02
   7.330  0.3037E+01  0.3436E+02
   7.340  0.1300E+01  0.3437E+02
   7.350  0.1049E+01  0.3439E+02
   7.360  0.1205E+01  0.3440E+02
   7.370  0.1335E+01  0.3441E+02
   7.380  0.1248E+01  0.3442E+02
   7.390  0.9371E+00  0.3443E+02
   7.400  0.1118E+01  0.3444E+02
   7.410  0.1666E+01  0.3446E+02
   7.420  0.1702E+01  0.3448E+02
   7.430  0.1440E+01  0.3449E+02
   7.440  0.1034E+01  0.3450E+02
   7.450  0.1898E+01  0.3452E+02
   7.460  0.1853E+01  0.3454E+02
   7.470  0.6538E+00  0.3455E+02
   7.480  0.9995E+00  0.3456E+02
   7.490  0.7116E+00  0.3456E+02
   7.500  0.1536E+01  0.3458E+02
   7.510  0.3820E+01  0.3462E+02
   7.520  0.3505E+01  0.3465E+02
   7.530  0.1817E+01  0.3467E+02
   7.540  0.3171E+00  0.3467E+02
   7.550  0.4992E+00  0.3468E+02
   7.560  0.1709E+01  0.3470E+02
   7.570  0.1898E+01  0.3471E+02
   7.580  0.2400E+01  0.3474E+02
   7.590  0.3406E+01  0.3477E+02
   7.600  0.1201E+01  0.3478E+02
   7.610 -0.4297E+00  0.3478E+02
   7.620 -0.1520E+00  0.3478E+02
   7.630  0.2673E+00  0.3478E+02
   7.640  0.2037E+01  0.3480E+02
   7.650  0.5025E+01  0.3485E+02
   7.660  0.4902E+01  0.3490E+02
   7.670  0.3193E+01  0.3493E+02
   7.680  0.2780E+01  0.3496E+02
   7.690  0.2508E+01  0.3499E+02
   7.700  0.2297E+01  0.3501E+02
   7.710  0.3470E+01  0.3504E+02
   7.720  0.7560E+01  0.3512E+02
   7.730  0.1153E+02  0.3523E+02
   7.740  0.1098E+02  0.3534E+02
   7.750  0.8408E+01  0.3543E+02
   7.760  0.5160E+01  0.3548E+02
   7.770  0.4917E+01  0.3553E+02
   7.780  0.9767E+01  0.3563E+02
   7.790  0.1155E+02  0.3574E+02
   7.800  0.1114E+02  0.3585E+02
   7.810  0.1186E+02  0.3597E+02
   7.820  0.1455E+02  0.3612E+02
   7.830  0.1250E+02  0.3624E+02
   7.840  0.3014E+01  0.3627E+02
   7.850  0.6409E+00  0.3628E+02
   7.860  0.3774E+01  0.3632E+02
   7.870  0.4272E+01  0.3636E+02
   7.880  0.2242E+01  0.3638E+02
   7.890  0.2162E+01  0.3640E+02
   7.900  0.2346E+01  0.3643E+02
   7.910  0.1836E+01  0.3645E+02
   7.920  0.4047E+01  0.3649E+02
   7.930  0.7056E+01  0.3656E+02
   7.940  0.5613E+01  0.3661E+02
   7.950  0.2386E+01  0.3664E+02
   7.960  0.2261E+01  0.3666E+02
   7.970  0.1670E+01  0.3668E+02
   7.980  0.1627E+01  0.3669E+02
   7.990  0.4086E+01  0.3673E+02
   8.000  0.3224E+01  0.3677E+02
   8.010  0.1303E+01  0.3678E+02
   8.020  0.2282E+01  0.3680E+02
   8.030  0.2785E+01  0.3683E+02
   8.040  0.2420E+01  0.3685E+02
   8.050  0.2066E+01  0.3687E+02
   8.060  0.2547E+01  0.3690E+02
   8.070  0.1440E+01  0.3691E+02
   8.080  0.2789E+00  0.3692E+02
   8.090  0.1467E+01  0.3693E+02
   8.100  0.2276E+01  0.3695E+02
   8.110  0.9845E+00  0.3696E+02
   8.120  0.1586E+01  0.3698E+02
   8.130  0.2209E+01  0.3700E+02
   8.140  0.2102E+01  0.3702E+02
   8.150  0.3052E+01  0.3705E+02
   8.160  0.2314E+01  0.3708E+02
   8.170  0.2128E+01  0.3710E+02
   8.180  0.1425E+01  0.3711E+02
   8.190 -0.1587E+00  0.3711E+02
   8.200 -0.2030E+00  0.3711E+02
   8.210 -0.6565E-02  0.3711E+02
   8.220  0.2299E+00  0.3711E+02
   8.230  0.9721E+00  0.3712E+02
   8.240  0.1251E+01  0.3713E+02
   8.250  0.9780E+00  0.3714E+02
   8.260  0.9848E+00  0.3715E+02
   8.270  0.1383E+00  0.3715E+02
   8.280 -0.1451E+00  0.3715E+02
   8.290 -0.2695E-01  0.3715E+02
   8.300  0.6855E-01  0.3715E+02
   8.310  0.6022E+00  0.3716E+02
   8.320  0.1817E+01  0.3718E+02
   8.330  0.2265E+01  0.3720E+02
   8.340  0.1607E+01  0.3722E+02
   8.350  0.5065E+00  0.3722E+02
   8.360 -0.1754E+00  0.3722E+02
   8.370 -0.9254E-01  0.3722E+02
   8.380 -0.8721E-02  0.3722E+02
   8.390 -0.2080E-03  0.3722E+02
   8.400  0.1977E-02  0.3722E+02
   8.410  0.5418E-01  0.3722E+02
   8.420  0.4674E+00  0.3722E+02
   8.430  0.1187E+01  0.3724E+02
   8.440  0.6872E+00  0.3724E+02
   8.450 -0.1087E+00  0.3724E+02
   8.460 -0.8345E-01  0.3724E+02
   8.470 -0.7950E-02  0.3724E+02
   8.480  0.3208E-03  0.3724E+02
   8.490  0.2090E-01  0.3724E+02
   8.500  0.2655E+00  0.3724E+02
   8.510  0.1065E+01  0.3725E+02
   8.520  0.1565E+01  0.3727E+02
   8.530  0.1930E+01  0.3729E+02
   8.540  0.1808E+01  0.3731E+02
   8.550  0.2392E+00  0.3731E+02
   8.560 -0.2414E+00  0.3731E+02
   8.570 -0.5610E-01  0.3731E+02
   8.580  0.6841E-03  0.3731E+02
   8.590  0.8648E-01  0.3731E+02
   8.600  0.6051E+00  0.3731E+02
   8.610  0.1218E+01  0.3732E+02
   8.620  0.5108E+00  0.3733E+02
   8.630  0.1817E+00  0.3733E+02
   8.640  0.1934E+01  0.3735E+02
   8.650  0.3930E+01  0.3739E+02
   8.660  0.2914E+01  0.3742E+02
   8.670  0.2427E+01  0.3744E+02
   8.680  0.2722E+01  0.3747E+02
   8.690  0.1483E+01  0.3749E+02
   8.700  0.4528E+00  0.3749E+02
   8.710  0.1821E+01  0.3751E+02
   8.720  0.2040E+01  0.3753E+02
   8.730  0.1287E+01  0.3754E+02
   8.740  0.2978E+01  0.3757E+02
   8.750  0.2611E+01  0.3760E+02
   8.760  0.1090E+01  0.3761E+02
   8.770  0.1908E+01  0.3763E+02
   8.780  0.2427E+01  0.3765E+02
   8.790  0.9689E+00  0.3766E+02
   8.800 -0.6950E-01  0.3766E+02
   8.810  0.8111E+00  0.3767E+02
   8.820  0.1611E+01  0.3769E+02
   8.830  0.2271E+01  0.3771E+02
   8.840  0.3026E+01  0.3774E+02
   8.850  0.2293E+01  0.3776E+02
   8.860  0.2267E+01  0.3778E+02
   8.870  0.2265E+01  0.3781E+02
   8.880  0.8382E+00  0.3781E+02
   8.890 -0.2082E+00  0.3781E+02
   8.900 -0.1395E+00  0.3781E+02
   8.910 -0.1554E-01  0.3781E+02
   8.920 -0.4944E-03  0.3781E+02
   8.930 -0.4908E-05  0.3781E+02
   8.940 -0.1570E-07  0.3781E+02
   8.950 -0.1646E-10  0.3781E+02
   8.960 -0.5707E-14  0.3781E+02
   8.970 -0.6587E-18  0.3781E+02
   8.980 -0.2542E-22  0.3781E+02
   8.990 -0.3289E-27  0.3781E+02
   9.000 -0.1431E-32  0.3781E+02
   9.010 -0.2095E-38  0.3781E+02
   9.020 -0.1034E-44  0.3781E+02
   9.030 -0.1723E-51  0.3781E+02
   9.040 -0.9696E-59  0.3781E+02
   9.050 -0.1844E-66  0.3781E+02
   9.060 -0.1186E-74  0.3781E+02
   9.070 -0.1243E-79  0.3781E+02
   9.080 -0.1243E-79  0.3781E+02
   9.090 -0.1244E-79  0.3781E+02
   9.100 -0.1244E-79  0.3781E+02
   9.110 -0.1245E-79  0.3781E+02
   9.120 -0.1245E-79  0.3781E+02
   9.130 -0.1246E-79  0.3781E+02
   9.140 -0.1246E-79  0.3781E+02
   9.150 -0.1247E-79  0.3781E+02
   9.160 -0.1247E-79  0.3781E+02
   9.170 -0.1248E-79  0.3781E+02
   9.180 -0.1248E-79  0.3781E+02
   9.190 -0.1249E-79  0.3781E+02
   9.200 -0.1249E-79  0.3781E+02
   9.210 -0.1250E-79  0.3781E+02
   9.220 -0.1250E-79  0.3781E+02
   9.230 -0.1251E-79  0.3781E+02
   9.240 -0.1251E-79  0.3781E+02
   9.250 -0.1252E-79  0.3781E+02
   9.260 -0.1252E-79  0.3781E+02
   9.270 -0.1253E-79  0.3781E+02
   9.280 -0.1253E-79  0.3781E+02
   9.290 -0.1254E-79  0.3781E+02
   9.300 -0.1254E-79  0.3781E+02
   9.310 -0.1255E-79  0.3781E+02
   9.320 -0.1255E-79  0.3781E+02
   9.330 -0.1256E-79  0.3781E+02
   9.340 -0.1256E-79  0.3781E+02
   9.350 -0.1257E-79  0.3781E+02
   9.360 -0.1257E-79  0.3781E+02
   9.370 -0.1258E-79  0.3781E+02
   9.380 -0.1258E-79  0.3781E+02
   9.390 -0.1259E-79  0.3781E+02
   9.400 -0.1259E-79  0.3781E+02
   9.410 -0.1260E-79  0.3781E+02
   9.420 -0.1260E-79  0.3781E+02
   9.430 -0.1261E-79  0.3781E+02
   9.440 -0.1261E-79  0.3781E+02
   9.450 -0.1262E-79  0.3781E+02
   9.460 -0.1262E-79  0.3781E+02
   9.470 -0.1263E-79  0.3781E+02
   9.480 -0.1263E-79  0.3781E+02
   9.490 -0.1264E-79  0.3781E+02
   9.500 -0.1264E-79  0.3781E+02
   9.510 -0.1265E-79  0.3781E+02
   9.520 -0.1265E-79  0.3781E+02
   9.530 -0.1266E-79  0.3781E+02
   9.540 -0.1266E-79  0.3781E+02
   9.550 -0.1267E-79  0.3781E+02
   9.560 -0.1267E-79  0.3781E+02
   9.570 -0.1268E-79  0.3781E+02
   9.580 -0.1268E-79  0.3781E+02
   9.590 -0.1269E-79  0.3781E+02
   9.600 -0.1269E-79  0.3781E+02
   9.610 -0.1270E-79  0.3781E+02
   9.620 -0.1270E-79  0.3781E+02
   9.630 -0.1271E-79  0.3781E+02
   9.640 -0.1271E-79  0.3781E+02
   9.650 -0.1272E-79  0.3781E+02
   9.660 -0.1272E-79  0.3781E+02
   9.670 -0.1273E-79  0.3781E+02
   9.680 -0.1273E-79  0.3781E+02
   9.690 -0.1274E-79  0.3781E+02
   9.700 -0.1274E-79  0.3781E+02
   9.710 -0.1275E-79  0.3781E+02
   9.720 -0.1275E-79  0.3781E+02
   9.730 -0.1276E-79  0.3781E+02
   9.740 -0.1276E-79  0.3781E+02
   9.750 -0.1277E-79  0.3781E+02
   9.760 -0.1277E-79  0.3781E+02
   9.770 -0.1278E-79  0.3781E+02
   9.780 -0.1278E-79  0.3781E+02
   9.790 -0.1279E-79  0.3781E+02
   9.800 -0.1279E-79  0.3781E+02
   9.810 -0.1280E-79  0.3781E+02
   9.820 -0.1280E-79  0.3781E+02
   9.830 -0.1281E-79  0.3781E+02
   9.840 -0.1281E-79  0.3781E+02
   9.850 -0.1282E-79  0.3781E+02
   9.860 -0.1282E-79  0.3781E+02
   9.870 -0.1283E-79  0.3781E+02
   9.880 -0.1283E-79  0.3781E+02
   9.890 -0.1284E-79  0.3781E+02
   9.900 -0.1284E-79  0.3781E+02
   9.910 -0.1285E-79  0.3781E+02
   9.920 -0.1285E-79  0.3781E+02
   9.930 -0.1286E-79  0.3781E+02
   9.940 -0.1286E-79  0.3781E+02
   9.950 -0.1287E-79  0.3781E+02
   9.960 -0.1287E-79  0.3781E+02
   9.970 -0.1288E-79  0.3781E+02
   9.980 -0.1288E-79  0.3781E+02
   9.990 -0.1289E-79  0.3781E+02
  10.000 -0.1289E-79  0.3781E+02
  10.010 -0.1290E-79  0.3781E+02
  10.020 -0.1290E-79  0.3781E+02
  10.030 -0.1291E-79  0.3781E+02
  10.040 -0.1291E-79  0.3781E+02
  10.050 -0.1292E-79  0.3781E+02
  10.060 -0.1292E-79  0.3781E+02
  10.070 -0.1293E-79  0.3781E+02
  10.080 -0.1293E-79  0.3781E+02
  10.090 -0.1294E-79  0.3781E+02
  10.100 -0.1294E-79  0.3781E+02
  10.110 -0.1295E-79  0.3781E+02
  10.120 -0.1295E-79  0.3781E+02
  10.130 -0.1296E-79  0.3781E+02
  10.140 -0.1296E-79  0.3781E+02
  10.150 -0.1297E-79  0.3781E+02
  10.160 -0.1297E-79  0.3781E+02
  10.170 -0.1298E-79  0.3781E+02
  10.180 -0.1298E-79  0.3781E+02
  10.190 -0.1299E-79  0.3781E+02
  10.200 -0.1299E-79  0.3781E+02
  10.210 -0.1300E-79  0.3781E+02
  10.220 -0.1300E-79  0.3781E+02
  10.230 -0.1301E-79  0.3781E+02
  10.240 -0.1301E-79  0.3781E+02
  10.250 -0.1302E-79  0.3781E+02
  10.260 -0.1302E-79  0.3781E+02
  10.270 -0.1303E-79  0.3781E+02
  10.280 -0.1303E-79  0.3781E+02
  10.290 -0.1304E-79  0.3781E+02
  10.300 -0.1304E-79  0.3781E+02
  10.310 -0.1305E-79  0.3781E+02
  10.320 -0.1305E-79  0.3781E+02
  10.330 -0.1306E-79  0.3781E+02
  10.340 -0.1306E-79  0.3781E+02
  10.350 -0.1307E-79  0.3781E+02
  10.360 -0.1307E-79  0.3781E+02
  10.370 -0.1308E-79  0.3781E+02
  10.380 -0.1308E-79  0.3781E+02
  10.390 -0.1309E-79  0.3781E+02
  10.400 -0.1309E-79  0.3781E+02
  10.410 -0.1310E-79  0.3781E+02
  10.420 -0.1310E-79  0.3781E+02
  10.430 -0.1311E-79  0.3781E+02
  10.440 -0.1311E-79  0.3781E+02
  10.450 -0.1312E-79  0.3781E+02
  10.460 -0.1312E-79  0.3781E+02
  10.470 -0.1313E-79  0.3781E+02
  10.480 -0.1313E-79  0.3781E+02
  10.490 -0.1314E-79  0.3781E+02
  10.500 -0.1314E-79  0.3781E+02
  10.510 -0.1315E-79  0.3781E+02
  10.520 -0.1315E-79  0.3781E+02
  10.530 -0.1316E-79  0.3781E+02
  10.540 -0.1316E-79  0.3781E+02
  10.550 -0.1317E-79  0.3781E+02
  10.560 -0.1317E-79  0.3781E+02
  10.570 -0.1318E-79  0.3781E+02
  10.580 -0.1318E-79  0.3781E+02
  10.590 -0.1319E-79  0.3781E+02
  10.600 -0.1319E-79  0.3781E+02
  10.610 -0.1320E-79  0.3781E+02
  10.620 -0.1320E-79  0.3781E+02
  10.630 -0.1321E-79  0.3781E+02
  10.640 -0.1321E-79  0.3781E+02
  10.650 -0.1322E-79  0.3781E+02
  10.660 -0.1322E-79  0.3781E+02
  10.670 -0.1323E-79  0.3781E+02
  10.680 -0.1323E-79  0.3781E+02
  10.690 -0.1324E-79  0.3781E+02
  10.700 -0.1324E-79  0.3781E+02
  10.710 -0.1325E-79  0.3781E+02
  10.720 -0.1325E-79  0.3781E+02
  10.730 -0.1326E-79  0.3781E+02
  10.740 -0.1326E-79  0.3781E+02
  10.750 -0.1327E-79  0.3781E+02
  10.760 -0.1327E-79  0.3781E+02
  10.770 -0.1328E-79  0.3781E+02
  10.780 -0.1328E-79  0.3781E+02
  10.790 -0.1329E-79  0.3781E+02
  10.800 -0.1329E-79  0.3781E+02
  10.810 -0.1330E-79  0.3781E+02
  10.820 -0.1330E-79  0.3781E+02
  10.830 -0.1331E-79  0.3781E+02
  10.840 -0.1331E-79  0.3781E+02
  10.850 -0.1332E-79  0.3781E+02
  10.860 -0.1332E-79  0.3781E+02
  10.870 -0.1333E-79  0.3781E+02
  10.880 -0.1333E-79  0.3781E+02
  10.890 -0.1334E-79  0.3781E+02
  10.900 -0.1334E-79  0.3781E+02
  10.910 -0.1335E-79  0.3781E+02
  10.920 -0.1335E-79  0.3781E+02
  10.930 -0.1336E-79  0.3781E+02
  10.940 -0.1336E-79  0.3781E+02
  10.950 -0.1337E-79  0.3781E+02
  10.960 -0.1337E-79  0.3781E+02
  10.970 -0.1338E-79  0.3781E+02
  10.980 -0.1338E-79  0.3781E+02
  10.990 -0.1339E-79  0.3781E+02
  11.000 -0.1339E-79  0.3781E+02
  11.010 -0.1340E-79  0.3781E+02
  11.020 -0.1340E-79  0.3781E+02
  11.030 -0.1341E-79  0.3781E+02
  11.040 -0.1341E-79  0.3781E+02
  11.050 -0.1342E-79  0.3781E+02
  11.060 -0.1342E-79  0.3781E+02
  11.070 -0.1343E-79  0.3781E+02
  11.080 -0.1343E-79  0.3781E+02
  11.090 -0.1344E-79  0.3781E+02
  11.100 -0.1344E-79  0.3781E+02
  11.110 -0.1345E-79  0.3781E+02
  11.120 -0.1345E-79  0.3781E+02
  11.130 -0.1346E-79  0.3781E+02
  11.140 -0.1346E-79  0.3781E+02
  11.150 -0.1347E-79  0.3781E+02
  11.160 -0.1347E-79  0.3781E+02
  11.170 -0.1348E-79  0.3781E+02
  11.180 -0.1348E-79  0.3781E+02
  11.190 -0.1349E-79  0.3781E+02
  11.200 -0.1349E-79  0.3781E+02
  11.210 -0.1350E-79  0.3781E+02
  11.220 -0.1350E-79  0.3781E+02
  11.230 -0.1351E-79  0.3781E+02
  11.240 -0.1351E-79  0.3781E+02
  11.250 -0.1352E-79  0.3781E+02
  11.260 -0.1352E-79  0.3781E+02
  11.270 -0.1353E-79  0.3781E+02
  11.280 -0.1353E-79  0.3781E+02
  11.290 -0.1354E-79  0.3781E+02
  11.300 -0.1354E-79  0.3781E+02
  11.310 -0.1355E-79  0.3781E+02
  11.320 -0.1355E-79  0.3781E+02
  11.330 -0.1356E-79  0.3781E+02
  11.340 -0.1356E-79  0.3781E+02
  11.350 -0.1357E-79  0.3781E+02
  11.360 -0.1357E-79  0.3781E+02
  11.370 -0.1358E-79  0.3781E+02
  11.380 -0.1358E-79  0.3781E+02
  11.390 -0.1359E-79  0.3781E+02
  11.400 -0.1359E-79  0.3781E+02
  11.410 -0.1360E-79  0.3781E+02
  11.420 -0.1360E-79  0.3781E+02
  11.430 -0.1361E-79  0.3781E+02
  11.440 -0.1361E-79  0.3781E+02
  11.450 -0.1362E-79  0.3781E+02
  11.460 -0.1362E-79  0.3781E+02
  11.470 -0.1363E-79  0.3781E+02
  11.480 -0.1363E-79  0.3781E+02
  11.490 -0.1364E-79  0.3781E+02
  11.500 -0.1364E-79  0.3781E+02
  11.510 -0.1365E-79  0.3781E+02
  11.520 -0.1365E-79  0.3781E+02
  11.530 -0.1366E-79  0.3781E+02
  11.540 -0.1366E-79  0.3781E+02
  11.550 -0.1367E-79  0.3781E+02
  11.560 -0.1367E-79  0.3781E+02
  11.570 -0.1368E-79  0.3781E+02
  11.580 -0.1368E-79  0.3781E+02
  11.590 -0.1369E-79  0.3781E+02
  11.600 -0.1369E-79  0.3781E+02
  11.610 -0.1370E-79  0.3781E+02
  11.620 -0.1370E-79  0.3781E+02
  11.630 -0.1371E-79  0.3781E+02
  11.640 -0.1371E-79  0.3781E+02
  11.650 -0.1372E-79  0.3781E+02
  11.660 -0.1372E-79  0.3781E+02
  11.670 -0.1373E-79  0.3781E+02
  11.680 -0.1373E-79  0.3781E+02
  11.690 -0.1374E-79  0.3781E+02
  11.700 -0.1374E-79  0.3781E+02
  11.710 -0.1375E-79  0.3781E+02
  11.720 -0.1375E-79  0.3781E+02
  11.730 -0.1376E-79  0.3781E+02
  11.740 -0.1376E-79  0.3781E+02
  11.750 -0.1377E-79  0.3781E+02
  11.760 -0.1377E-79  0.3781E+02
  11.770 -0.1378E-79  0.3781E+02
  11.780 -0.1378E-79  0.3781E+02
  11.790 -0.1379E-79  0.3781E+02
  11.800 -0.1379E-79  0.3781E+02
  11.810 -0.1380E-79  0.3781E+02
  11.820 -0.1380E-79  0.3781E+02
  11.830 -0.1381E-79  0.3781E+02
  11.840 -0.1381E-79  0.3781E+02
  11.850 -0.1382E-79  0.3781E+02
  11.860 -0.1382E-79  0.3781E+02
  11.870 -0.1383E-79  0.3781E+02
  11.880 -0.1383E-79  0.3781E+02
  11.890 -0.1384E-79  0.3781E+02
  11.900 -0.1384E-79  0.3781E+02
  11.910 -0.1385E-79  0.3781E+02
  11.920 -0.1385E-79  0.3781E+02
  11.930 -0.1386E-79  0.3781E+02
  11.940 -0.1386E-79  0.3781E+02
  11.950 -0.1387E-79  0.3781E+02
  11.960 -0.1387E-79  0.3781E+02
  11.970 -0.1388E-79  0.3781E+02
  11.980 -0.1388E-79  0.3781E+02
  11.990 -0.1389E-79  0.3781E+02
  12.000 -0.1389E-79  0.3781E+02
  12.010 -0.1390E-79  0.3781E+02
  12.020 -0.1390E-79  0.3781E+02
  12.030 -0.1391E-79  0.3781E+02
  12.040 -0.1391E-79  0.3781E+02
  12.050 -0.1392E-79  0.3781E+02
  12.060 -0.1392E-79  0.3781E+02
  12.070 -0.1393E-79  0.3781E+02
  12.080 -0.1393E-79  0.3781E+02
  12.090 -0.1394E-79  0.3781E+02
  12.100 -0.1394E-79  0.3781E+02
  12.110 -0.1395E-79  0.3781E+02
  12.120 -0.1396E-79  0.3781E+02
  12.130 -0.1396E-79  0.3781E+02
  12.140 -0.1397E-79  0.3781E+02
  12.150 -0.1397E-79  0.3781E+02
  12.160 -0.1398E-79  0.3781E+02
  12.170 -0.1398E-79  0.3781E+02
  12.180 -0.1399E-79  0.3781E+02
  12.190 -0.1399E-79  0.3781E+02
  12.200 -0.1400E-79  0.3781E+02
  12.210 -0.1400E-79  0.3781E+02
  12.220 -0.1401E-79  0.3781E+02
  12.230 -0.1401E-79  0.3781E+02
  12.240 -0.1402E-79  0.3781E+02
  12.250 -0.1402E-79  0.3781E+02
  12.260 -0.1403E-79  0.3781E+02
  12.270 -0.1403E-79  0.3781E+02
  12.280 -0.1404E-79  0.3781E+02
  12.290 -0.1404E-79  0.3781E+02
  12.300 -0.1405E-79  0.3781E+02
  12.310 -0.1405E-79  0.3781E+02
  12.320 -0.1406E-79  0.3781E+02
  12.330 -0.1406E-79  0.3781E+02
  12.340 -0.1407E-79  0.3781E+02
  12.350 -0.1407E-79  0.3781E+02
  12.360 -0.1408E-79  0.3781E+02
  12.370 -0.1408E-79  0.3781E+02
  12.380 -0.1409E-79  0.3781E+02
  12.390 -0.1409E-79  0.3781E+02
  12.400 -0.1410E-79  0.3781E+02
  12.410 -0.1410E-79  0.3781E+02
  12.420 -0.1411E-79  0.3781E+02
  12.430 -0.1411E-79  0.3781E+02
  12.440 -0.1412E-79  0.3781E+02
  12.450 -0.1412E-79  0.3781E+02
  12.460 -0.1413E-79  0.3781E+02
  12.470 -0.1413E-79  0.3781E+02
  12.480 -0.1414E-79  0.3781E+02
  12.490 -0.1414E-79  0.3781E+02
  12.500 -0.1415E-79  0.3781E+02
  12.510 -0.1415E-79  0.3781E+02
  12.520 -0.1416E-79  0.3781E+02
  12.530 -0.1416E-79  0.3781E+02
  12.540 -0.1417E-79  0.3781E+02
  12.550 -0.1417E-79  0.3781E+02
  12.560 -0.1418E-79  0.3781E+02
  12.570 -0.1418E-79  0.3781E+02
  12.580 -0.1419E-79  0.3781E+02
  12.590 -0.1419E-79  0.3781E+02
  12.600 -0.1420E-79  0.3781E+02
  12.610 -0.1420E-79  0.3781E+02
  12.620 -0.1421E-79  0.3781E+02
  12.630 -0.1421E-79  0.3781E+02
  12.640 -0.1422E-79  0.3781E+02
  12.650 -0.1422E-79  0.3781E+02
  12.660 -0.1423E-79  0.3781E+02
  12.670 -0.1423E-79  0.3781E+02
  12.680 -0.1424E-79  0.3781E+02
  12.690 -0.1424E-79  0.3781E+02
  12.700 -0.1425E-79  0.3781E+02
  12.710 -0.1425E-79  0.3781E+02
  12.720 -0.1426E-79  0.3781E+02
  12.730 -0.1426E-79  0.3781E+02
  12.740 -0.1427E-79  0.3781E+02
  12.750 -0.1427E-79  0.3781E+02
  12.760 -0.1428E-79  0.3781E+02
  12.770 -0.1428E-79  0.3781E+02
  12.780 -0.1429E-79  0.3781E+02
  12.790 -0.1429E-79  0.3781E+02
  12.800 -0.1430E-79  0.3781E+02
  12.810 -0.1430E-79  0.3781E+02
  12.820 -0.1431E-79  0.3781E+02
  12.830 -0.1431E-79  0.3781E+02
  12.840 -0.1432E-79  0.3781E+02
  12.850 -0.1432E-79  0.3781E+02
  12.860 -0.1433E-79  0.3781E+02
  12.870 -0.1433E-79  0.3781E+02
  12.880 -0.1434E-79  0.3781E+02
  12.890 -0.1434E-79  0.3781E+02
  12.900 -0.1435E-79  0.3781E+02
  12.910 -0.1435E-79  0.3781E+02
  12.920 -0.1436E-79  0.3781E+02
  12.930 -0.1436E-79  0.3781E+02
  12.940 -0.1437E-79  0.3781E+02
  12.950 -0.1437E-79  0.3781E+02
  12.960 -0.1438E-79  0.3781E+02
  12.970 -0.1438E-79  0.3781E+02
  12.980 -0.1439E-79  0.3781E+02
  12.990 -0.1439E-79  0.3781E+02
  13.000 -0.1440E-79  0.3781E+02
  13.010 -0.1440E-79  0.3781E+02
  13.020 -0.1441E-79  0.3781E+02
  13.030 -0.1441E-79  0.3781E+02
  13.040 -0.1442E-79  0.3781E+02
  13.050 -0.1442E-79  0.3781E+02
  13.060 -0.1443E-79  0.3781E+02
  13.070 -0.1443E-79  0.3781E+02
  13.080 -0.1444E-79  0.3781E+02
  13.090 -0.1444E-79  0.3781E+02
  13.100 -0.1445E-79  0.3781E+02
  13.110 -0.1445E-79  0.3781E+02
  13.120 -0.1446E-79  0.3781E+02
  13.130 -0.1446E-79  0.3781E+02
  13.140 -0.1447E-79  0.3781E+02
  13.150 -0.1447E-79  0.3781E+02
  13.160 -0.1448E-79  0.3781E+02
  13.170 -0.1448E-79  0.3781E+02
  13.180 -0.1449E-79  0.3781E+02
  13.190 -0.1449E-79  0.3781E+02
  13.200 -0.1450E-79  0.3781E+02
  13.210 -0.1450E-79  0.3781E+02
  13.220 -0.1451E-79  0.3781E+02
  13.230 -0.1451E-79  0.3781E+02
  13.240 -0.1452E-79  0.3781E+02
  13.250 -0.1452E-79  0.3781E+02
  13.260 -0.1453E-79  0.3781E+02
  13.270 -0.1453E-79  0.3781E+02
  13.280 -0.1454E-79  0.3781E+02
  13.290 -0.1454E-79  0.3781E+02
  13.300 -0.1455E-79  0.3781E+02
  13.310 -0.1455E-79  0.3781E+02
  13.320 -0.1456E-79  0.3781E+02
  13.330 -0.1456E-79  0.3781E+02
  13.340 -0.1457E-79  0.3781E+02
  13.350 -0.1457E-79  0.3781E+02
  13.360 -0.1458E-79  0.3781E+02
  13.370 -0.1458E-79  0.3781E+02
  13.380 -0.1459E-79  0.3781E+02
  13.390 -0.1459E-79  0.3781E+02
  13.400 -0.1460E-79  0.3781E+02
  13.410 -0.1460E-79  0.3781E+02
  13.420 -0.1461E-79  0.3781E+02
  13.430 -0.1461E-79  0.3781E+02
  13.440 -0.1462E-79  0.3781E+02
  13.450 -0.1462E-79  0.3781E+02
  13.460 -0.1463E-79  0.3781E+02
  13.470 -0.1463E-79  0.3781E+02
  13.480 -0.1464E-79  0.3781E+02
  13.490 -0.1464E-79  0.3781E+02
  13.500 -0.1465E-79  0.3781E+02
  13.510 -0.1465E-79  0.3781E+02
  13.520 -0.1466E-79  0.3781E+02
  13.530 -0.1466E-79  0.3781E+02
  13.540 -0.1467E-79  0.3781E+02
  13.550 -0.1467E-79  0.3781E+02
  13.560 -0.1468E-79  0.3781E+02
  13.570 -0.1468E-79  0.3781E+02
  13.580 -0.1469E-79  0.3781E+02
  13.590 -0.1469E-79  0.3781E+02
  13.600 -0.1470E-79  0.3781E+02
  13.610 -0.1470E-79  0.3781E+02
  13.620 -0.1471E-79  0.3781E+02
  13.630 -0.1471E-79  0.3781E+02
  13.640 -0.1472E-79  0.3781E+02
  13.650 -0.1472E-79  0.3781E+02
  13.660 -0.1473E-79  0.3781E+02
  13.670 -0.1473E-79  0.3781E+02
  13.680 -0.1474E-79  0.3781E+02
  13.690 -0.1474E-79  0.3781E+02
  13.700 -0.1475E-79  0.3781E+02
  13.710 -0.1475E-79  0.3781E+02
  13.720 -0.1476E-79  0.3781E+02
  13.730 -0.1476E-79  0.3781E+02
  13.740 -0.1477E-79  0.3781E+02
  13.750 -0.1477E-79  0.3781E+02
  13.760 -0.1478E-79  0.3781E+02
  13.770 -0.1478E-79  0.3781E+02
  13.780 -0.1479E-79  0.3781E+02
  13.790 -0.1479E-79  0.3781E+02
  13.800 -0.1480E-79  0.3781E+02
  13.810 -0.1480E-79  0.3781E+02
  13.820 -0.1481E-79  0.3781E+02
  13.830 -0.1481E-79  0.3781E+02
  13.840 -0.1482E-79  0.3781E+02
  13.850 -0.1482E-79  0.3781E+02
  13.860 -0.1483E-79  0.3781E+02
  13.870 -0.1483E-79  0.3781E+02
  13.880 -0.1484E-79  0.3781E+02
  13.890 -0.1484E-79  0.3781E+02
  13.900 -0.1485E-79  0.3781E+02
  13.910 -0.1485E-79  0.3781E+02
  13.920 -0.1486E-79  0.3781E+02
  13.930 -0.1486E-79  0.3781E+02
  13.940 -0.1487E-79  0.3781E+02
  13.950 -0.1487E-79  0.3781E+02
  13.960 -0.1488E-79  0.3781E+02
  13.970 -0.1488E-79  0.3781E+02
  13.980 -0.1489E-79  0.3781E+02
  13.990 -0.1489E-79  0.3781E+02
  14.000 -0.1490E-79  0.3781E+02
  14.010 -0.1490E-79  0.3781E+02
  14.020 -0.1491E-79  0.3781E+02
  14.030 -0.1491E-79  0.3781E+02
  14.040 -0.1492E-79  0.3781E+02
  14.050 -0.1492E-79  0.3781E+02
  14.060 -0.1493E-79  0.3781E+02
  14.070 -0.1493E-79  0.3781E+02
  14.080 -0.1494E-79  0.3781E+02
  14.090 -0.1494E-79  0.3781E+02
  14.100 -0.1495E-79  0.3781E+02
  14.110 -0.1495E-79  0.3781E+02
  14.120 -0.1496E-79  0.3781E+02
  14.130 -0.1496E-79  0.3781E+02
  14.140 -0.1497E-79  0.3781E+02
  14.150 -0.1497E-79  0.3781E+02
  14.160 -0.1498E-79  0.3781E+02
  14.170 -0.1498E-79  0.3781E+02
  14.180 -0.1499E-79  0.3781E+02
  14.190 -0.1499E-79  0.3781E+02
  14.200 -0.1500E-79  0.3781E+02
  14.210 -0.1500E-79  0.3781E+02
  14.220 -0.1501E-79  0.3781E+02
  14.230 -0.1501E-79  0.3781E+02
  14.240 -0.1502E-79  0.3781E+02
  14.250 -0.1502E-79  0.3781E+02
  14.260 -0.1503E-79  0.3781E+02
  14.270 -0.1503E-79  0.3781E+02
  14.280 -0.1504E-79  0.3781E+02
  14.290 -0.1504E-79  0.3781E+02
  14.300 -0.1505E-79  0.3781E+02
  14.310 -0.1505E-79  0.3781E+02
  14.320 -0.1506E-79  0.3781E+02
  14.330 -0.1506E-79  0.3781E+02
  14.340 -0.1507E-79  0.3781E+02
  14.350 -0.1507E-79  0.3781E+02
  14.360 -0.1508E-79  0.3781E+02
  14.370 -0.1508E-79  0.3781E+02
  14.380 -0.1509E-79  0.3781E+02
  14.390 -0.1509E-79  0.3781E+02
  14.400 -0.1510E-79  0.3781E+02
  14.410 -0.1510E-79  0.3781E+02
  14.420 -0.1511E-79  0.3781E+02
  14.430 -0.1511E-79  0.3781E+02
  14.440 -0.1512E-79  0.3781E+02
  14.450 -0.1512E-79  0.3781E+02
  14.460 -0.1513E-79  0.3781E+02
  14.470 -0.1513E-79  0.3781E+02
  14.480 -0.1514E-79  0.3781E+02
  14.490 -0.1514E-79  0.3781E+02
  14.500 -0.1515E-79  0.3781E+02
  14.510 -0.1515E-79  0.3781E+02
  14.520 -0.1516E-79  0.3781E+02
  14.530 -0.1516E-79  0.3781E+02
  14.540 -0.1517E-79  0.3781E+02
  14.550 -0.1517E-79  0.3781E+02
  14.560 -0.1518E-79  0.3781E+02
  14.570 -0.1518E-79  0.3781E+02
  14.580 -0.1519E-79  0.3781E+02
  14.590 -0.1519E-79  0.3781E+02
  14.600 -0.1520E-79  0.3781E+02
  14.610 -0.1520E-79  0.3781E+02
  14.620 -0.1521E-79  0.3781E+02
  14.630 -0.1521E-79  0.3781E+02
  14.640 -0.1522E-79  0.3781E+02
  14.650 -0.1522E-79  0.3781E+02
  14.660 -0.1523E-79  0.3781E+02
  14.670 -0.1523E-79  0.3781E+02
  14.680 -0.1524E-79  0.3781E+02
  14.690 -0.1524E-79  0.3781E+02
  14.700 -0.1525E-79  0.3781E+02
  14.710 -0.1525E-79  0.3781E+02
  14.720 -0.1526E-79  0.3781E+02
  14.730 -0.1526E-79  0.3781E+02
  14.740 -0.1527E-79  0.3781E+02
  14.750 -0.1527E-79  0.3781E+02
  14.760 -0.1528E-79  0.3781E+02
  14.770 -0.1528E-79  0.3781E+02
  14.780 -0.1529E-79  0.3781E+02
  14.790 -0.1529E-79  0.3781E+02
  14.800 -0.1530E-79  0.3781E+02
  14.810 -0.1530E-79  0.3781E+02
  14.820 -0.1531E-79  0.3781E+02
  14.830 -0.1531E-79  0.3781E+02
  14.840 -0.1532E-79  0.3781E+02
  14.850 -0.1532E-79  0.3781E+02
  14.860 -0.1533E-79  0.3781E+02
  14.870 -0.1533E-79  0.3781E+02
  14.880 -0.1534E-79  0.3781E+02
  14.890 -0.1534E-79  0.3781E+02
  14.900 -0.1535E-79  0.3781E+02
  14.910 -0.1535E-79  0.3781E+02
  14.920 -0.1536E-79  0.3781E+02
  14.930 -0.1536E-79  0.3781E+02
  14.940 -0.1537E-79  0.3781E+02
  14.950 -0.1537E-79  0.3781E+02
  14.960 -0.1538E-79  0.3781E+02
  14.970 -0.1538E-79  0.3781E+02
  14.980 -0.1539E-79  0.3781E+02
  14.990 -0.1539E-79  0.3781E+02
  15.000 -0.1540E-79  0.3781E+02
  15.010 -0.1540E-79  0.3781E+02
  15.020 -0.1541E-79  0.3781E+02
  15.030 -0.1541E-79  0.3781E+02
  15.040 -0.1542E-79  0.3781E+02
  15.050 -0.1542E-79  0.3781E+02
  15.060 -0.1543E-79  0.3781E+02
  15.070 -0.1543E-79  0.3781E+02
  15.080 -0.1544E-79  0.3781E+02
  15.090 -0.1544E-79  0.3781E+02
  15.100 -0.1545E-79  0.3781E+02
  15.110 -0.1545E-79  0.3781E+02
  15.120 -0.1546E-79  0.3781E+02
  15.130 -0.1546E-79  0.3781E+02
  15.140 -0.1547E-79  0.3781E+02
  15.150 -0.1547E-79  0.3781E+02
  15.160 -0.1548E-79  0.3781E+02
  15.170 -0.1548E-79  0.3781E+02
  15.180 -0.1549E-79  0.3781E+02
  15.190 -0.1549E-79  0.3781E+02
  15.200 -0.1550E-79  0.3781E+02
  15.210 -0.1550E-79  0.3781E+02
  15.220 -0.1551E-79  0.3781E+02
  15.230 -0.1551E-79  0.3781E+02
  15.240 -0.1552E-79  0.3781E+02
  15.250 -0.1552E-79  0.3781E+02
  15.260 -0.1553E-79  0.3781E+02
  15.270 -0.1553E-79  0.3781E+02
  15.280 -0.1554E-79  0.3781E+02
  15.290 -0.1554E-79  0.3781E+02
  15.300 -0.1555E-79  0.3781E+02
  15.310 -0.1555E-79  0.3781E+02
  15.320 -0.1556E-79  0.3781E+02
  15.330 -0.1556E-79  0.3781E+02
  15.340 -0.1557E-79  0.3781E+02
  15.350 -0.1557E-79  0.3781E+02
  15.360 -0.1558E-79  0.3781E+02
  15.370 -0.1558E-79  0.3781E+02
  15.380 -0.1559E-79  0.3781E+02
  15.390 -0.1559E-79  0.3781E+02
  15.400 -0.1560E-79  0.3781E+02
  15.410 -0.1560E-79  0.3781E+02
  15.420 -0.1561E-79  0.3781E+02
  15.430 -0.1561E-79  0.3781E+02
  15.440 -0.1562E-79  0.3781E+02
  15.450 -0.1562E-79  0.3781E+02
  15.460 -0.1563E-79  0.3781E+02
  15.470 -0.1563E-79  0.3781E+02
  15.480 -0.1564E-79  0.3781E+02
  15.490 -0.1564E-79  0.3781E+02
  15.500 -0.1565E-79  0.3781E+02
  15.510 -0.1565E-79  0.3781E+02
  15.520 -0.1566E-79  0.3781E+02
  15.530 -0.1566E-79  0.3781E+02
  15.540 -0.1567E-79  0.3781E+02
  15.550 -0.1567E-79  0.3781E+02
  15.560 -0.1568E-79  0.3781E+02
  15.570 -0.1568E-79  0.3781E+02
  15.580 -0.1569E-79  0.3781E+02
  15.590 -0.1569E-79  0.3781E+02
  15.600 -0.1570E-79  0.3781E+02
  15.610 -0.1570E-79  0.3781E+02
  15.620 -0.1571E-79  0.3781E+02
  15.630 -0.1571E-79  0.3781E+02
  15.640 -0.1572E-79  0.3781E+02
  15.650 -0.1572E-79  0.3781E+02
  15.660 -0.1573E-79  0.3781E+02
  15.670 -0.1573E-79  0.3781E+02
  15.680 -0.1574E-79  0.3781E+02
  15.690 -0.1574E-79  0.3781E+02
  15.700 -0.1575E-79  0.3781E+02
  15.710 -0.1575E-79  0.3781E+02
  15.720 -0.1576E-79  0.3781E+02
  15.730 -0.1576E-79  0.3781E+02
  15.740 -0.1577E-79  0.3781E+02
  15.750 -0.1577E-79  0.3781E+02
  15.760 -0.1578E-79  0.3781E+02
  15.770 -0.1578E-79  0.3781E+02
  15.780 -0.1579E-79  0.3781E+02
  15.790 -0.1579E-79  0.3781E+02
  15.800 -0.1580E-79  0.3781E+02
  15.810 -0.1580E-79  0.3781E+02
  15.820 -0.1581E-79  0.3781E+02
  15.830 -0.1581E-79  0.3781E+02
  15.840 -0.1582E-79  0.3781E+02
  15.850 -0.1582E-79  0.3781E+02
  15.860 -0.1583E-79  0.3781E+02
  15.870 -0.1583E-79  0.3781E+02
  15.880 -0.1584E-79  0.3781E+02
  15.890 -0.1584E-79  0.3781E+02
  15.900 -0.1585E-79  0.3781E+02
  15.910 -0.1585E-79  0.3781E+02
  15.920 -0.1586E-79  0.3781E+02
  15.930 -0.1586E-79  0.3781E+02
  15.940 -0.1587E-79  0.3781E+02
  15.950 -0.1587E-79  0.3781E+02
  15.960 -0.1588E-79  0.3781E+02
  15.970 -0.1588E-79  0.3781E+02
  15.980 -0.1589E-79  0.3781E+02
  15.990 -0.1589E-79  0.3781E+02
  16.000 -0.1590E-79  0.3781E+02
