CELL_PARAMETERS (alat=  5.55000000)
   1.038172699  -0.000101196   0.000000000
  -0.519112272   0.899379048   0.000000000
   0.000000000   0.000000000  10.000000000
--
CELL_PARAMETERS (alat=  5.55000000)
   1.038018132  -0.000083954   0.000000000
  -0.519020068   0.899170346   0.000000000
   0.000000000   0.000000000  10.000000000
--
CELL_PARAMETERS (alat=  5.55000000)
   1.038018132  -0.000083954   0.000000000
  -0.519020068   0.899170346   0.000000000
   0.000000000   0.000000000  10.000000000
