 &plot nbnd=  42, nks=    91 /
            0.000000  0.000000  0.000000
  -67.525  -67.494  -34.531  -34.048  -33.603  -33.603  -33.565  -33.563  -19.177  -19.163
  -19.140  -19.140  -19.138  -19.138  -19.119  -19.119  -19.115  -19.115  -19.106  -19.099
  -19.025  -19.024  -12.765   -8.265   -5.195   -3.415   -3.124   -3.109   -1.162    0.417
    0.436    2.571    2.582    2.992    3.024    3.570    4.485    4.532    4.934    5.326
    5.780    6.494
            0.021844  0.000004  0.000000
  -67.525  -67.494  -34.530  -34.048  -33.606  -33.604  -33.566  -33.565  -19.177  -19.163
  -19.140  -19.140  -19.138  -19.138  -19.119  -19.119  -19.115  -19.114  -19.105  -19.099
  -19.025  -19.025  -12.757   -8.253   -5.199   -3.416   -3.126   -3.119   -1.152    0.412
    0.430    2.504    2.548    3.026    3.049    3.621    4.494    4.542    4.943    5.335
    5.790    6.513
            0.043689  0.000008  0.000000
  -67.524  -67.493  -34.528  -34.048  -33.616  -33.608  -33.575  -33.567  -19.177  -19.163
  -19.140  -19.140  -19.138  -19.137  -19.120  -19.119  -19.115  -19.114  -19.105  -19.099
  -19.026  -19.025  -12.734   -8.218   -5.209   -3.420   -3.164   -3.113   -1.124    0.347
    0.464    2.362    2.460    3.078    3.110    3.760    4.522    4.571    4.969    5.362
    5.821    6.540
            0.065533  0.000011  0.000000
  -67.523  -67.492  -34.524  -34.047  -33.632  -33.614  -33.589  -33.570  -19.176  -19.163
  -19.141  -19.140  -19.138  -19.137  -19.120  -19.119  -19.115  -19.114  -19.104  -19.098
  -19.027  -19.026  -12.697   -8.159   -5.225   -3.430   -3.228   -3.098   -1.077    0.243
    0.521    2.212    2.339    3.114    3.191    3.957    4.569    4.618    5.011    5.406
    5.870    6.586
            0.087378  0.000015  0.000000
  -67.522  -67.491  -34.518  -34.047  -33.653  -33.627  -33.604  -33.574  -19.176  -19.163
  -19.141  -19.140  -19.138  -19.136  -19.121  -19.119  -19.116  -19.114  -19.103  -19.097
  -19.028  -19.028  -12.645   -8.078   -5.248   -3.448   -3.313   -3.073   -1.014    0.105
    0.599    2.080    2.201    3.132    3.283    4.178    4.634    4.684    5.071    5.467
    5.937    6.648
            0.109222  0.000019  0.000000
  -67.519  -67.489  -34.511  -34.047  -33.679  -33.650  -33.615  -33.580  -19.175  -19.162
  -19.142  -19.141  -19.138  -19.136  -19.122  -19.119  -19.116  -19.114  -19.101  -19.095
  -19.030  -19.029  -12.580   -7.976   -5.276   -3.476   -3.415   -3.039   -0.935   -0.058
    0.697    1.977    2.054    3.135    3.383    4.404    4.717    4.767    5.148    5.546
    6.019    6.728
            0.131067  0.000023  0.000000
  -67.517  -67.487  -34.503  -34.046  -33.709  -33.681  -33.625  -33.588  -19.174  -19.162
  -19.143  -19.141  -19.138  -19.135  -19.122  -19.119  -19.116  -19.113  -19.099  -19.093
  -19.032  -19.031  -12.504   -7.856   -5.309   -3.529   -3.515   -2.994   -0.843   -0.239
    0.807    1.909    1.912    3.124    3.489    4.620    4.818    4.870    5.241    5.641
    6.117    6.825
            0.152911  0.000027  0.000000
  -67.514  -67.485  -34.493  -34.047  -33.743  -33.718  -33.635  -33.597  -19.173  -19.161
  -19.144  -19.142  -19.138  -19.134  -19.124  -19.119  -19.117  -19.113  -19.097  -19.091
  -19.034  -19.033  -12.417   -7.718   -5.345   -3.652   -3.564   -2.940   -0.738   -0.429
    0.917    1.792    1.878    3.100    3.600    4.810    4.936    4.999    5.351    5.754
    6.230    6.937
            0.174755  0.000030  0.000000
  -67.511  -67.482  -34.482  -34.048  -33.780  -33.758  -33.647  -33.608  -19.172  -19.161
  -19.145  -19.142  -19.138  -19.133  -19.125  -19.119  -19.117  -19.112  -19.094  -19.089
  -19.036  -19.036  -12.321   -7.565   -5.383   -3.779   -3.624   -2.879   -0.624   -0.619
    0.992    1.730    1.884    3.064    3.714    4.967    5.070    5.161    5.478    5.884
    6.358    7.064
            0.196600  0.000034  0.000000
  -67.507  -67.480  -34.471  -34.050  -33.818  -33.801  -33.660  -33.620  -19.170  -19.160
  -19.146  -19.143  -19.138  -19.133  -19.126  -19.119  -19.117  -19.112  -19.091  -19.086
  -19.039  -19.038  -12.217   -7.401   -5.422   -3.908   -3.692   -2.812   -0.811   -0.494
    0.987    1.774    1.925    3.017    3.830    5.100    5.220    5.342    5.621    6.030
    6.500    7.202
            0.218444  0.000038  0.000000
  -67.503  -67.477  -34.459  -34.054  -33.855  -33.845  -33.674  -33.633  -19.169  -19.159
  -19.147  -19.144  -19.138  -19.132  -19.127  -19.119  -19.118  -19.111  -19.088  -19.084
  -19.041  -19.041  -12.108   -7.228   -5.461   -4.035   -3.766   -2.741   -0.990   -0.357
    0.902    1.925    1.995    2.964    3.949    5.224    5.383    5.529    5.780    6.193
    6.654    7.183
            0.240289  0.000042  0.000000
  -67.499  -67.474  -34.447  -34.061  -33.891  -33.890  -33.690  -33.648  -19.167  -19.159
  -19.148  -19.145  -19.138  -19.131  -19.128  -19.119  -19.117  -19.111  -19.085  -19.081
  -19.044  -19.044  -11.996   -7.048   -5.498   -4.158   -3.844   -2.670   -1.156   -0.212
    0.776    2.087    2.144    2.915    4.069    5.343    5.560    5.719    5.954    6.371
    6.816    7.179
            0.262133  0.000046  0.000000
  -67.495  -67.471  -34.434  -34.073  -33.935  -33.923  -33.707  -33.665  -19.166  -19.158
  -19.149  -19.146  -19.138  -19.131  -19.129  -19.119  -19.117  -19.110  -19.082  -19.078
  -19.047  -19.047  -11.882   -6.867   -5.532   -4.274   -3.923   -2.601   -1.303   -0.059
    0.635    2.185    2.403    2.886    4.191    5.457    5.749    5.914    6.145    6.564
    6.973    7.206
            0.283977  0.000049  0.000000
  -67.491  -67.467  -34.422  -34.090  -33.978  -33.949  -33.725  -33.682  -19.164  -19.158
  -19.150  -19.147  -19.138  -19.131  -19.130  -19.119  -19.116  -19.109  -19.079  -19.075
  -19.050  -19.050  -11.767   -6.687   -5.563   -4.382   -4.001   -2.538   -1.427    0.095
    0.495    2.260    2.688    2.904    4.315    5.567    5.951    6.117    6.350    6.770
    7.080    7.304
            0.305822  0.000053  0.000000
  -67.487  -67.464  -34.410  -34.114  -34.019  -33.968  -33.745  -33.701  -19.163  -19.158
  -19.151  -19.147  -19.138  -19.131  -19.130  -19.120  -19.115  -19.109  -19.076  -19.072
  -19.053  -19.053  -11.654   -6.512   -5.589   -4.478   -4.075   -2.487   -1.526    0.216
    0.399    2.291    2.989    2.991    4.440    5.674    6.163    6.330    6.571    6.988
    7.127    7.480
            0.327666  0.000057  0.000000
  -67.482  -67.461  -34.400  -34.142  -34.056  -33.980  -33.766  -33.721  -19.161  -19.157
  -19.152  -19.148  -19.138  -19.131  -19.131  -19.120  -19.114  -19.108  -19.072  -19.069
  -19.056  -19.056  -11.544   -6.345   -5.612   -4.561   -4.144   -2.451   -1.593    0.158
    0.494    2.284    3.134    3.299    4.567    5.782    6.386    6.552    6.807    7.151
    7.212    7.688
            0.349511  0.000061  0.000000
  -67.478  -67.458  -34.392  -34.172  -34.089  -33.990  -33.788  -33.743  -19.160  -19.157
  -19.153  -19.149  -19.139  -19.131  -19.131  -19.120  -19.113  -19.108  -19.069  -19.066
  -19.059  -19.058  -11.439   -6.190   -5.630   -4.629   -4.206   -2.435   -1.627    0.036
    0.667    2.263    3.306    3.606    4.695    5.897    6.615    6.780    7.059    7.162
    7.422    7.738
            0.371355  0.000065  0.000000
  -67.474  -67.455  -34.386  -34.201  -34.116  -33.997  -33.811  -33.765  -19.158  -19.157
  -19.153  -19.150  -19.139  -19.131  -19.131  -19.120  -19.112  -19.108  -19.066  -19.064
  -19.061  -19.061  -11.339   -6.049   -5.646   -4.681   -4.260   -2.442   -1.626   -0.084
    0.855    2.248    3.477    3.900    4.819    6.030    6.839    7.000    7.164    7.326
    7.542    7.852
            0.393200  0.000068  0.000000
  -67.470  -67.453  -34.383  -34.227  -34.137  -34.004  -33.835  -33.788  -19.157  -19.157
  -19.154  -19.150  -19.140  -19.132  -19.131  -19.120  -19.111  -19.108  -19.065  -19.065
  -19.062  -19.060  -11.245   -5.923   -5.659   -4.716   -4.306   -2.470   -1.592   -0.194
    1.050    2.249    3.624    4.169    4.937    6.192    6.986    7.168    7.226    7.607
    7.609    8.088
            0.415044  0.000072  0.000000
  -67.466  -67.450  -34.383  -34.251  -34.151  -34.011  -33.859  -33.812  -19.158  -19.156
  -19.154  -19.150  -19.141  -19.132  -19.131  -19.120  -19.110  -19.108  -19.067  -19.067
  -19.060  -19.057  -11.157   -5.813   -5.671   -4.733   -4.344   -2.518   -1.531   -0.291
    1.251    2.271    3.732    4.398    5.043    6.393    6.973    7.216    7.429    7.767
    7.902    8.361
            0.436888  0.000076  0.000000
  -67.462  -67.448  -34.384  -34.270  -34.161  -34.018  -33.884  -33.836  -19.158  -19.155
  -19.153  -19.150  -19.141  -19.133  -19.131  -19.120  -19.110  -19.108  -19.070  -19.069
  -19.057  -19.055  -11.077   -5.717   -5.680   -4.734   -4.377   -2.581   -1.447   -0.374
    1.454    2.317    3.790    4.572    5.137    6.635    6.908    7.178    7.667    7.998
    8.206    8.616
            0.458733  0.000080  0.000000
  -67.459  -67.446  -34.386  -34.285  -34.166  -34.026  -33.908  -33.859  -19.159  -19.154
  -19.152  -19.149  -19.142  -19.134  -19.131  -19.120  -19.109  -19.108  -19.072  -19.071
  -19.055  -19.053  -11.005   -5.686   -5.634   -4.721   -4.406   -2.656   -1.345   -0.440
    1.659    2.385    3.799    4.671    5.221    6.830    6.892    7.128    7.894    8.200
    8.510    8.660
            0.480577  0.000084  0.000000
  -67.456  -67.444  -34.387  -34.295  -34.169  -34.036  -33.931  -33.883  -19.159  -19.154
  -19.151  -19.149  -19.143  -19.134  -19.132  -19.119  -19.109  -19.108  -19.074  -19.073
  -19.053  -19.051  -10.940   -5.688   -5.561   -4.698   -4.434   -2.738   -1.229   -0.489
    1.863    2.473    3.767    4.687    5.297    6.750    6.944    7.285    8.091    8.190
    8.778    8.791
            0.502422  0.000087  0.000000
  -67.453  -67.443  -34.385  -34.301  -34.172  -34.047  -33.953  -33.905  -19.160  -19.153
  -19.150  -19.148  -19.144  -19.135  -19.132  -19.119  -19.109  -19.108  -19.076  -19.075
  -19.051  -19.049  -10.883   -5.684   -5.496   -4.667   -4.466   -2.823   -1.107   -0.521
    2.063    2.576    3.707    4.630    5.351    6.679    6.848    7.552    8.076    8.247
    9.032    9.058
            0.524266  0.000091  0.000000
  -67.450  -67.442  -34.381  -34.301  -34.176  -34.059  -33.972  -33.927  -19.160  -19.153
  -19.149  -19.147  -19.145  -19.136  -19.132  -19.118  -19.110  -19.109  -19.077  -19.077
  -19.049  -19.048  -10.834   -5.672   -5.436   -4.632   -4.505   -2.904   -0.986   -0.538
    2.257    2.686    3.632    4.521    5.359    6.631    6.738    7.615    8.168    8.354
    9.215    9.381
            0.546111  0.000095  0.000000
  -67.448  -67.441  -34.373  -34.298  -34.183  -34.074  -33.987  -33.946  -19.160  -19.152
  -19.148  -19.146  -19.145  -19.137  -19.132  -19.117  -19.110  -19.109  -19.079  -19.078
  -19.048  -19.047  -10.792   -5.651   -5.382   -4.596   -4.555   -2.975   -0.871   -0.541
    2.441    2.797    3.555    4.379    5.313    6.618    6.638    7.480    8.397    8.462
    9.343    9.722
            0.567955  0.000099  0.000000
  -67.446  -67.441  -34.361  -34.291  -34.194  -34.090  -33.997  -33.963  -19.160  -19.151
  -19.147  -19.147  -19.145  -19.137  -19.133  -19.117  -19.111  -19.109  -19.080  -19.079
  -19.047  -19.046  -10.758   -5.618   -5.333   -4.617   -4.564   -3.032   -0.770   -0.534
    2.608    2.899    3.489    4.216    5.225    6.562    6.636    7.316    8.378    8.779
    9.466   10.067
            0.589799  0.000103  0.000000
  -67.444  -67.441  -34.346  -34.281  -34.209  -34.106  -34.004  -33.977  -19.160  -19.151
  -19.147  -19.146  -19.144  -19.138  -19.134  -19.116  -19.111  -19.110  -19.081  -19.080
  -19.046  -19.045  -10.732   -5.574   -5.294   -4.689   -4.536   -3.071   -0.688   -0.525
    2.755    2.982    3.448    4.044    5.124    6.526    6.668    7.153    8.324    9.068
    9.616   10.382
            0.611644  0.000106  0.000000
  -67.443  -67.441  -34.327  -34.271  -34.228  -34.122  -34.006  -33.989  -19.160  -19.150
  -19.148  -19.145  -19.143  -19.139  -19.134  -19.115  -19.111  -19.111  -19.081  -19.081
  -19.045  -19.045  -10.714   -5.516   -5.273   -4.762   -4.514   -3.094   -0.626   -0.518
    2.876    3.033    3.444    3.873    5.036    6.539    6.695    7.000    8.268    9.308
    9.792   10.510
            0.633488  0.000110  0.000000
  -67.442  -67.441  -34.305  -34.263  -34.248  -34.133  -34.006  -33.999  -19.160  -19.149
  -19.148  -19.144  -19.143  -19.139  -19.135  -19.114  -19.112  -19.111  -19.082  -19.081
  -19.045  -19.045  -10.703   -5.444   -5.288   -4.817   -4.501   -3.104   -0.582   -0.522
    2.966    3.045    3.489    3.715    4.979    6.605    6.706    6.856    8.232    9.479
    9.979   10.365
            0.655333  0.000114  0.000000
  -67.441  -67.441  -34.290  -34.262  -34.260  -34.137  -34.004  -34.003  -19.160  -19.149
  -19.149  -19.143  -19.143  -19.139  -19.135  -19.114  -19.112  -19.112  -19.082  -19.082
  -19.045  -19.045  -10.700   -5.358   -5.355   -4.835   -4.496   -3.106   -0.549   -0.543
    3.021    3.022    3.578    3.586    4.960    6.698    6.702    6.745    8.222    9.548
   10.160   10.167
            0.649870 -0.009339  0.000000
  -67.442  -67.441  -34.295  -34.264  -34.255  -34.136  -34.005  -34.001  -19.160  -19.149
  -19.149  -19.144  -19.143  -19.139  -19.135  -19.114  -19.112  -19.112  -19.082  -19.082
  -19.045  -19.045  -10.701   -5.408   -5.308   -4.831   -4.498   -3.105   -0.565   -0.529
    3.001    3.034    3.534    3.641    4.964    6.656    6.693    6.801    8.225    9.525
   10.085   10.252
            0.644407 -0.018792  0.000000
  -67.442  -67.441  -34.305  -34.269  -34.243  -34.134  -34.004  -33.999  -19.160  -19.149
  -19.148  -19.144  -19.143  -19.139  -19.135  -19.114  -19.112  -19.111  -19.082  -19.081
  -19.045  -19.045  -10.703   -5.469   -5.257   -4.820   -4.501   -3.106   -0.590   -0.511
    2.975    3.033    3.502    3.706    4.977    6.598    6.683    6.885    8.232    9.457
   10.035   10.335
            0.638944 -0.028245  0.000000
  -67.442  -67.441  -34.316  -34.275  -34.229  -34.131  -34.002  -33.997  -19.160  -19.149
  -19.148  -19.145  -19.143  -19.139  -19.135  -19.114  -19.112  -19.111  -19.082  -19.081
  -19.045  -19.045  -10.707   -5.537   -5.203   -4.806   -4.506   -3.107   -0.620   -0.490
    2.946    3.019    3.488    3.776    4.997    6.541    6.672    6.977    8.242    9.350
   10.009   10.406
            0.633482 -0.037699  0.000000
  -67.443  -67.441  -34.327  -34.283  -34.214  -34.127  -33.998  -33.994  -19.160  -19.149
  -19.148  -19.146  -19.143  -19.139  -19.134  -19.115  -19.112  -19.110  -19.081  -19.081
  -19.045  -19.045  -10.713   -5.611   -5.145   -4.788   -4.514   -3.109   -0.656   -0.465
    2.914    2.992    3.491    3.851    5.024    6.488    6.661    7.075    8.254    9.219
    9.995   10.463
            0.628019 -0.047152  0.000000
  -67.443  -67.440  -34.339  -34.291  -34.199  -34.125  -33.992  -33.990  -19.161  -19.149
  -19.149  -19.147  -19.142  -19.138  -19.134  -19.115  -19.112  -19.110  -19.081  -19.081
  -19.045  -19.045  -10.720   -5.687   -5.086   -4.769   -4.523   -3.113   -0.697   -0.434
    2.879    2.952    3.511    3.930    5.056    6.438    6.653    7.173    8.267    9.077
    9.987   10.501
            0.622556 -0.056605  0.000000
  -67.444  -67.440  -34.351  -34.301  -34.184  -34.123  -33.987  -33.984  -19.161  -19.149
  -19.149  -19.147  -19.142  -19.138  -19.134  -19.116  -19.111  -19.109  -19.081  -19.080
  -19.046  -19.045  -10.729   -5.767   -5.024   -4.750   -4.532   -3.119   -0.742   -0.396
    2.843    2.904    3.545    4.010    5.094    6.391    6.646    7.269    8.280    8.932
    9.979   10.515
            0.617093 -0.066058  0.000000
  -67.445  -67.440  -34.363  -34.310  -34.169  -34.121  -33.983  -33.974  -19.161  -19.149
  -19.149  -19.148  -19.142  -19.138  -19.133  -19.116  -19.111  -19.109  -19.081  -19.080
  -19.046  -19.045  -10.739   -5.848   -4.962   -4.731   -4.542   -3.127   -0.792   -0.350
    2.807    2.849    3.590    4.090    5.137    6.349    6.643    7.355    8.292    8.791
    9.973   10.504
            0.611631 -0.075511  0.000000
  -67.445  -67.441  -34.374  -34.320  -34.154  -34.121  -33.979  -33.962  -19.161  -19.149
  -19.149  -19.149  -19.142  -19.137  -19.133  -19.117  -19.111  -19.108  -19.080  -19.079
  -19.046  -19.046  -10.750   -5.930   -4.901   -4.713   -4.549   -3.136   -0.844   -0.296
    2.769    2.789    3.643    4.169    5.184    6.311    6.643    7.425    8.303    8.664
    9.968   10.471
            0.606168 -0.084965  0.000000
  -67.446  -67.441  -34.386  -34.330  -34.139  -34.122  -33.974  -33.949  -19.161  -19.150
  -19.149  -19.149  -19.142  -19.137  -19.132  -19.117  -19.111  -19.108  -19.080  -19.079
  -19.046  -19.046  -10.762   -6.012   -4.846   -4.696   -4.550   -3.146   -0.898   -0.233
    2.722    2.736    3.704    4.245    5.236    6.277    6.647    7.465    8.312    8.561
    9.968   10.418
            0.600705 -0.094418  0.000000
  -67.446  -67.441  -34.397  -34.339  -34.125  -34.123  -33.969  -33.935  -19.161  -19.151
  -19.150  -19.149  -19.142  -19.136  -19.132  -19.118  -19.111  -19.107  -19.080  -19.078
  -19.047  -19.046  -10.775   -6.093   -4.803   -4.681   -4.538   -3.158   -0.953   -0.162
    2.656    2.698    3.769    4.317    5.292    6.249    6.654    7.464    8.318    8.492
    9.975   10.349
            0.595242 -0.103871  0.000000
  -67.447  -67.441  -34.407  -34.349  -34.125  -34.112  -33.963  -33.920  -19.162  -19.152
  -19.150  -19.149  -19.142  -19.136  -19.131  -19.118  -19.110  -19.107  -19.079  -19.077
  -19.047  -19.046  -10.789   -6.174   -4.780   -4.669   -4.506   -3.169   -1.009   -0.081
    2.586    2.663    3.839    4.382    5.354    6.227    6.664    7.418    8.323    8.461
    9.991   10.267
            0.589780 -0.113324  0.000000
  -67.447  -67.441  -34.418  -34.358  -34.127  -34.100  -33.956  -33.905  -19.162  -19.153
  -19.150  -19.149  -19.142  -19.136  -19.131  -19.118  -19.110  -19.106  -19.079  -19.077
  -19.047  -19.047  -10.803   -6.254   -4.776   -4.658   -4.454   -3.181   -1.064    0.007
    2.513    2.629    3.911    4.438    5.422    6.211    6.677    7.332    8.326    8.460
   10.019   10.176
            0.584317 -0.122777  0.000000
  -67.448  -67.441  -34.427  -34.367  -34.129  -34.089  -33.949  -33.890  -19.162  -19.154
  -19.151  -19.149  -19.143  -19.135  -19.130  -19.119  -19.110  -19.106  -19.078  -19.076
  -19.048  -19.047  -10.818   -6.331   -4.787   -4.651   -4.387   -3.192   -1.119    0.104
    2.438    2.596    3.985    4.484    5.494    6.200    6.693    7.219    8.327    8.475
   10.058   10.079
            0.578854 -0.132231  0.000000
  -67.449  -67.441  -34.437  -34.376  -34.131  -34.078  -33.941  -33.874  -19.163  -19.154
  -19.151  -19.148  -19.143  -19.135  -19.130  -19.119  -19.110  -19.105  -19.078  -19.075
  -19.048  -19.047  -10.833   -6.407   -4.805   -4.645   -4.312   -3.202   -1.173    0.209
    2.361    2.565    4.060    4.517    5.572    6.195    6.710    7.091    8.326    8.495
    9.973   10.114
            0.573391 -0.141684  0.000000
  -67.449  -67.442  -34.446  -34.384  -34.134  -34.070  -33.932  -33.859  -19.163  -19.155
  -19.151  -19.148  -19.143  -19.135  -19.129  -19.119  -19.110  -19.105  -19.077  -19.075
  -19.048  -19.047  -10.849   -6.480   -4.828   -4.643   -4.232   -3.210   -1.225    0.321
    2.284    2.536    4.135    4.535    5.654    6.195    6.730    6.960    8.323    8.512
    9.864   10.178
            0.567929 -0.151137  0.000000
  -67.450  -67.442  -34.454  -34.392  -34.136  -34.062  -33.923  -33.844  -19.164  -19.156
  -19.151  -19.148  -19.143  -19.134  -19.129  -19.119  -19.109  -19.104  -19.077  -19.074
  -19.049  -19.048  -10.864   -6.550   -4.853   -4.642   -4.149   -3.217   -1.276    0.440
    2.205    2.509    4.209    4.536    5.739    6.198    6.752    6.834    8.319    8.522
    9.753   10.243
            0.562466 -0.160590  0.000000
  -67.450  -67.442  -34.462  -34.400  -34.139  -34.055  -33.914  -33.830  -19.164  -19.156
  -19.152  -19.148  -19.143  -19.134  -19.129  -19.120  -19.109  -19.104  -19.076  -19.073
  -19.049  -19.048  -10.879   -6.617   -4.880   -4.644   -4.066   -3.223   -1.324    0.566
    2.127    2.483    4.282    4.518    5.827    6.200    6.719    6.777    8.313    8.524
    9.641   10.294
            0.557003 -0.170043  0.000000
  -67.451  -67.442  -34.470  -34.407  -34.141  -34.049  -33.904  -33.816  -19.164  -19.157
  -19.152  -19.148  -19.143  -19.134  -19.128  -19.120  -19.109  -19.104  -19.076  -19.073
  -19.049  -19.048  -10.893   -6.681   -4.906   -4.647   -3.982   -3.227   -1.370    0.697
    2.049    2.460    4.354    4.482    5.914    6.197    6.626    6.804    8.307    8.519
    9.528   10.312
            0.551540 -0.179497  0.000000
  -67.451  -67.442  -34.477  -34.413  -34.144  -34.045  -33.895  -33.803  -19.165  -19.157
  -19.152  -19.148  -19.144  -19.133  -19.128  -19.120  -19.109  -19.103  -19.075  -19.072
  -19.050  -19.049  -10.907   -6.740   -4.933   -4.652   -3.899   -3.230   -1.414    0.834
    1.973    2.438    4.419    4.431    6.000    6.179    6.562    6.835    8.300    8.508
    9.417   10.297
            0.546078 -0.188950  0.000000
  -67.452  -67.443  -34.483  -34.419  -34.146  -34.041  -33.885  -33.790  -19.165  -19.158
  -19.153  -19.148  -19.144  -19.133  -19.128  -19.120  -19.109  -19.103  -19.075  -19.071
  -19.050  -19.049  -10.921   -6.796   -4.959   -4.658   -3.818   -3.231   -1.456    0.975
    1.899    2.419    4.350    4.491    6.081    6.144    6.531    6.871    8.292    8.493
    9.309   10.267
            0.540615 -0.198403  0.000000
  -67.452  -67.443  -34.489  -34.425  -34.148  -34.037  -33.876  -33.779  -19.166  -19.158
  -19.153  -19.147  -19.144  -19.133  -19.128  -19.120  -19.108  -19.103  -19.074  -19.071
  -19.050  -19.049  -10.934   -6.847   -4.984   -4.665   -3.739   -3.231   -1.494    1.120
    1.829    2.402    4.256    4.556    6.098    6.156    6.527    6.912    8.284    8.475
    9.204   10.233
            0.535152 -0.207856  0.000000
  -67.453  -67.443  -34.495  -34.430  -34.150  -34.034  -33.868  -33.768  -19.166  -19.158
  -19.153  -19.147  -19.144  -19.133  -19.127  -19.120  -19.108  -19.102  -19.074  -19.070
  -19.050  -19.049  -10.945   -6.893   -5.007   -4.672   -3.665   -3.231   -1.530    1.268
    1.763    2.387    4.147    4.617    6.050    6.220    6.539    6.959    8.275    8.455
    9.104   10.200
            0.529689 -0.217309  0.000000
  -67.453  -67.443  -34.499  -34.434  -34.151  -34.032  -33.860  -33.759  -19.167  -19.159
  -19.153  -19.147  -19.144  -19.132  -19.127  -19.120  -19.108  -19.102  -19.073  -19.070
  -19.050  -19.049  -10.956   -6.935   -5.028   -4.679   -3.595   -3.229   -1.564    1.417
    1.701    2.374    4.026    4.674    6.005    6.274    6.559    7.012    8.266    8.436
    9.011   10.169
            0.524227 -0.226762  0.000000
  -67.453  -67.443  -34.503  -34.438  -34.153  -34.030  -33.854  -33.750  -19.167  -19.159
  -19.153  -19.147  -19.145  -19.132  -19.127  -19.120  -19.108  -19.102  -19.073  -19.069
  -19.051  -19.050  -10.965   -6.971   -5.047   -4.686   -3.531   -3.228   -1.593    1.566
    1.646    2.363    3.895    4.726    5.966    6.317    6.582    7.069    8.257    8.417
    8.926   10.139
            0.518764 -0.236216  0.000000
  -67.454  -67.443  -34.507  -34.441  -34.154  -34.028  -33.848  -33.743  -19.167  -19.159
  -19.153  -19.147  -19.145  -19.132  -19.127  -19.120  -19.108  -19.102  -19.073  -19.069
  -19.051  -19.050  -10.974   -7.002   -5.063   -4.692   -3.474   -3.226   -1.620    1.597
    1.714    2.356    3.759    4.772    5.934    6.350    6.605    7.126    8.249    8.400
    8.850   10.111
            0.513301 -0.245669  0.000000
  -67.454  -67.444  -34.510  -34.444  -34.155  -34.027  -33.843  -33.737  -19.168  -19.159
  -19.154  -19.147  -19.145  -19.132  -19.127  -19.120  -19.108  -19.101  -19.073  -19.068
  -19.051  -19.050  -10.980   -7.027   -5.077   -4.698   -3.426   -3.224   -1.642    1.556
    1.854    2.351    3.623    4.812    5.909    6.373    6.625    7.182    8.240    8.385
    8.785   10.087
            0.507838 -0.255122  0.000000
  -67.454  -67.444  -34.512  -34.446  -34.156  -34.026  -33.839  -33.733  -19.168  -19.159
  -19.154  -19.147  -19.145  -19.132  -19.127  -19.120  -19.108  -19.101  -19.072  -19.068
  -19.051  -19.050  -10.986   -7.047   -5.088   -4.702   -3.387   -3.223   -1.661    1.523
    1.982    2.352    3.494    4.844    5.890    6.389    6.643    7.231    8.233    8.373
    8.732   10.067
            0.502376 -0.264575  0.000000
  -67.454  -67.444  -34.514  -34.448  -34.156  -34.026  -33.836  -33.729  -19.168  -19.159
  -19.154  -19.147  -19.145  -19.132  -19.126  -19.120  -19.107  -19.101  -19.072  -19.068
  -19.051  -19.050  -10.990   -7.062   -5.096   -4.705   -3.358   -3.222   -1.674    1.500
    2.085    2.358    3.382    4.868    5.877    6.400    6.655    7.269    8.228    8.364
    8.693   10.053
            0.496913 -0.274028  0.000000
  -67.454  -67.444  -34.515  -34.449  -34.157  -34.025  -33.834  -33.727  -19.168  -19.159
  -19.154  -19.147  -19.145  -19.132  -19.126  -19.120  -19.107  -19.101  -19.072  -19.068
  -19.051  -19.050  -10.992   -7.071   -5.101   -4.708   -3.340   -3.221   -1.682    1.485
    2.151    2.371    3.302    4.883    5.869    6.406    6.663    7.294    8.224    8.359
    8.669   10.044
            0.491450 -0.283482  0.000000
  -67.454  -67.444  -34.515  -34.449  -34.157  -34.025  -33.833  -33.727  -19.168  -19.159
  -19.154  -19.147  -19.145  -19.132  -19.126  -19.120  -19.107  -19.101  -19.072  -19.068
  -19.051  -19.050  -10.993   -7.073   -5.102   -4.708   -3.334   -3.221   -1.685    1.480
    2.173    2.379    3.272    4.888    5.867    6.407    6.666    7.302    8.223    8.357
    8.660   10.041
            0.475068 -0.274032  0.000000
  -67.454  -67.444  -34.513  -34.447  -34.157  -34.025  -33.833  -33.726  -19.168  -19.159
  -19.154  -19.147  -19.145  -19.132  -19.126  -19.120  -19.108  -19.101  -19.072  -19.068
  -19.051  -19.050  -10.996   -7.069   -5.102   -4.707   -3.332   -3.229   -1.687    1.485
    2.160    2.372    3.271    4.863    5.836    6.406    6.658    7.327    8.225    8.299
    8.666    9.899
            0.458687 -0.264583  0.000000
  -67.455  -67.444  -34.507  -34.442  -34.159  -34.024  -33.831  -33.725  -19.168  -19.159
  -19.154  -19.147  -19.145  -19.132  -19.127  -19.120  -19.108  -19.101  -19.072  -19.068
  -19.052  -19.051  -11.007   -7.057   -5.101   -4.704   -3.326   -3.254   -1.694    1.500
    2.123    2.352    3.266    4.793    5.748    6.398    6.641    7.394    8.112    8.285
    8.654    9.722
            0.442305 -0.255133  0.000000
  -67.456  -67.445  -34.498  -34.434  -34.161  -34.022  -33.828  -33.722  -19.168  -19.159
  -19.153  -19.147  -19.145  -19.132  -19.127  -19.120  -19.108  -19.102  -19.071  -19.067
  -19.053  -19.051  -11.025   -7.037   -5.101   -4.699   -3.316   -3.292   -1.706    1.524
    2.064    2.318    3.257    4.686    5.611    6.372    6.637    7.493    7.912    8.304
    8.617    9.402
            0.425923 -0.245684  0.000000
  -67.458  -67.445  -34.485  -34.422  -34.163  -34.020  -33.824  -33.719  -19.167  -19.159
  -19.153  -19.146  -19.146  -19.131  -19.127  -19.120  -19.108  -19.102  -19.070  -19.066
  -19.054  -19.052  -11.050   -7.010   -5.103   -4.692   -3.341   -3.301   -1.723    1.556
    1.988    2.268    3.242    4.554    5.435    6.325    6.661    7.609    7.698    8.247
    8.617    9.086
            0.409542 -0.236235  0.000000
  -67.460  -67.447  -34.470  -34.407  -34.164  -34.017  -33.819  -33.715  -19.167  -19.159
  -19.152  -19.146  -19.146  -19.131  -19.128  -19.120  -19.109  -19.102  -19.069  -19.066
  -19.055  -19.053  -11.083   -6.976   -5.109   -4.685   -3.392   -3.283   -1.745    1.588
    1.904    2.204    3.216    4.410    5.228    6.269    6.706    7.488    7.733    8.094
    8.644    8.801
            0.393160 -0.226785  0.000000
  -67.462  -67.448  -34.453  -34.390  -34.164  -34.014  -33.813  -33.710  -19.167  -19.159
  -19.152  -19.146  -19.146  -19.131  -19.128  -19.120  -19.110  -19.103  -19.068  -19.065
  -19.057  -19.055  -11.123   -6.937   -5.123   -4.676   -3.443   -3.263   -1.770    1.602
    1.831    2.129    3.175    4.267    4.999    6.216    6.753    7.306    7.856    7.893
    8.450    8.674
            0.376778 -0.217336  0.000000
  -67.464  -67.449  -34.436  -34.369  -34.162  -34.011  -33.806  -33.705  -19.167  -19.158
  -19.152  -19.146  -19.146  -19.131  -19.128  -19.120  -19.110  -19.103  -19.067  -19.063
  -19.059  -19.056  -11.170   -6.894   -5.146   -4.665   -3.488   -3.239   -1.794    1.559
    1.794    2.060    3.112    4.137    4.753    6.173    6.754    7.197    7.671    7.972
    8.173    8.438
            0.360397 -0.207887  0.000000
  -67.467  -67.451  -34.421  -34.345  -34.155  -34.008  -33.798  -33.698  -19.166  -19.158
  -19.152  -19.146  -19.145  -19.130  -19.129  -19.120  -19.111  -19.104  -19.065  -19.062
  -19.061  -19.058  -11.225   -6.849   -5.183   -4.651   -3.524   -3.214   -1.815    1.464
    1.753    2.037    3.023    4.030    4.498    6.144    6.659    7.201    7.444    7.903
    8.075    8.185
            0.344015 -0.198437  0.000000
  -67.470  -67.453  -34.409  -34.317  -34.143  -34.005  -33.789  -33.692  -19.166  -19.157
  -19.152  -19.146  -19.145  -19.130  -19.129  -19.120  -19.112  -19.105  -19.063  -19.063
  -19.061  -19.060  -11.286   -6.805   -5.233   -4.633   -3.548   -3.187   -1.827    1.344
    1.669    2.077    2.907    3.946    4.242    6.127    6.511    7.198    7.273    7.650
    7.947    8.164
            0.327633 -0.188988  0.000000
  -67.473  -67.455  -34.403  -34.285  -34.126  -34.002  -33.779  -33.684  -19.166  -19.157
  -19.153  -19.145  -19.144  -19.130  -19.130  -19.120  -19.113  -19.105  -19.065  -19.063
  -19.061  -19.059  -11.355   -6.766   -5.294   -4.610   -3.560   -3.160   -1.827    1.209
    1.565    2.151    2.770    3.864    4.008    6.117    6.356    6.982    7.261    7.438
    7.741    8.146
            0.311252 -0.179538  0.000000
  -67.477  -67.457  -34.401  -34.251  -34.103  -33.999  -33.769  -33.676  -19.166  -19.156
  -19.153  -19.144  -19.144  -19.130  -19.130  -19.120  -19.114  -19.106  -19.068  -19.065
  -19.059  -19.057  -11.430   -6.737   -5.362   -4.581   -3.561   -3.132   -1.812    1.061
    1.465    2.238    2.617    3.680    3.900    6.082    6.241    6.764    7.101    7.288
    7.578    7.999
            0.294870 -0.170089  0.000000
  -67.480  -67.460  -34.403  -34.215  -34.075  -33.994  -33.758  -33.668  -19.166  -19.155
  -19.154  -19.144  -19.143  -19.130  -19.130  -19.120  -19.114  -19.107  -19.071  -19.067
  -19.057  -19.055  -11.511   -6.725   -5.428   -4.545   -3.554   -3.106   -1.778    0.902
    1.379    2.328    2.458    3.439    3.868    5.972    6.212    6.556    6.891    7.112
    7.418    7.856
            0.278488 -0.160640  0.000000
  -67.484  -67.462  -34.408  -34.178  -34.043  -33.988  -33.747  -33.660  -19.166  -19.155
  -19.154  -19.143  -19.142  -19.130  -19.130  -19.120  -19.115  -19.107  -19.073  -19.070
  -19.055  -19.053  -11.597   -6.736   -5.484   -4.502   -3.539   -3.081   -1.725    0.735
    1.312    2.296    2.419    3.203    3.853    5.834    6.206    6.373    6.685    6.922
    7.242    7.686
            0.262107 -0.151190  0.000000
  -67.488  -67.465  -34.415  -34.143  -34.010  -33.978  -33.735  -33.651  -19.166  -19.156
  -19.153  -19.143  -19.141  -19.130  -19.130  -19.119  -19.116  -19.108  -19.076  -19.072
  -19.052  -19.051  -11.687   -6.777   -5.522   -4.451   -3.520   -3.059   -1.652    0.564
    1.265    2.136    2.505    2.980    3.843    5.697    6.109    6.282    6.496    6.741
    7.065    7.503
            0.245725 -0.141741  0.000000
  -67.491  -67.468  -34.424  -34.112  -33.980  -33.958  -33.723  -33.642  -19.167  -19.157
  -19.152  -19.142  -19.141  -19.130  -19.130  -19.119  -19.117  -19.109  -19.079  -19.075
  -19.050  -19.049  -11.780   -6.848   -5.539   -4.391   -3.499   -3.040   -1.560    0.393
    1.238    1.979    2.586    2.776    3.833    5.565    5.940    6.206    6.346    6.595
    6.905    7.323
            0.229343 -0.132291  0.000000
  -67.495  -67.470  -34.434  -34.087  -33.955  -33.925  -33.711  -33.634  -19.167  -19.158
  -19.151  -19.142  -19.140  -19.130  -19.129  -19.119  -19.117  -19.110  -19.082  -19.078
  -19.047  -19.046  -11.876   -6.945   -5.535   -4.321   -3.476   -3.026   -1.451    0.226
    1.231    1.823    2.597    2.661    3.822    5.440    5.769    6.058    6.211    6.493
    6.790    7.157
            0.212962 -0.122842  0.000000
  -67.498  -67.473  -34.444  -34.070  -33.926  -33.887  -33.699  -33.625  -19.168  -19.158
  -19.150  -19.142  -19.140  -19.131  -19.128  -19.118  -19.118  -19.110  -19.085  -19.080
  -19.045  -19.044  -11.972   -7.063   -5.517   -4.241   -3.455   -3.016   -1.327    0.067
    1.243    1.670    2.447    2.727    3.806    5.321    5.606    5.892    6.053    6.381
    6.736    7.024
            0.196580 -0.113393  0.000000
  -67.502  -67.476  -34.455  -34.059  -33.893  -33.848  -33.688  -33.617  -19.169  -19.159
  -19.149  -19.141  -19.139  -19.131  -19.128  -19.118  -19.118  -19.111  -19.087  -19.083
  -19.042  -19.042  -12.069   -7.194   -5.488   -4.152   -3.434   -3.011   -1.192   -0.082
    1.275    1.517    2.328    2.786    3.784    5.207    5.454    5.723    5.888    6.246
    6.676    6.966
            0.180198 -0.103943  0.000000
  -67.505  -67.478  -34.465  -34.053  -33.857  -33.809  -33.676  -33.609  -19.170  -19.160
  -19.147  -19.141  -19.139  -19.132  -19.127  -19.118  -19.118  -19.112  -19.090  -19.085
  -19.040  -19.040  -12.163   -7.331   -5.454   -4.055   -3.416   -3.011   -1.052   -0.215
    1.325    1.366    2.241    2.837    3.754    5.098    5.311    5.552    5.730    6.108
    6.569    6.987
            0.163817 -0.094494  0.000000
  -67.508  -67.481  -34.475  -34.049  -33.820  -33.772  -33.665  -33.601  -19.171  -19.160
  -19.146  -19.141  -19.139  -19.133  -19.126  -19.119  -19.117  -19.112  -19.092  -19.087
  -19.038  -19.037  -12.255   -7.469   -5.418   -3.951   -3.400   -3.015   -0.920   -0.322
    1.220    1.393    2.185    2.881    3.715    4.991    5.180    5.375    5.585    5.976
    6.448    7.024
            0.147435 -0.085044  0.000000
  -67.511  -67.483  -34.485  -34.048  -33.784  -33.736  -33.655  -33.595  -19.172  -19.161
  -19.145  -19.141  -19.139  -19.134  -19.125  -19.119  -19.117  -19.113  -19.095  -19.089
  -19.036  -19.035  -12.342   -7.604   -5.381   -3.844   -3.386   -3.023   -0.825   -0.375
    1.081    1.478    2.158    2.920    3.666    4.882    5.060    5.196    5.458    5.854
    6.330    7.003
            0.131053 -0.075595  0.000000
  -67.514  -67.485  -34.494  -34.047  -33.750  -33.703  -33.645  -33.588  -19.173  -19.161
  -19.144  -19.141  -19.139  -19.134  -19.124  -19.119  -19.116  -19.113  -19.097  -19.091
  -19.034  -19.033  -12.424   -7.731   -5.346   -3.737   -3.373   -3.034   -0.809   -0.336
    0.951    1.578    2.156    2.953    3.607    4.764    4.950    5.025    5.346    5.745
    6.222    6.919
            0.114672 -0.066146  0.000000
  -67.517  -67.487  -34.502  -34.046  -33.718  -33.672  -33.636  -33.582  -19.174  -19.162
  -19.143  -19.140  -19.138  -19.135  -19.123  -19.119  -19.116  -19.113  -19.099  -19.093
  -19.032  -19.031  -12.499   -7.849   -5.314   -3.635   -3.359   -3.048   -0.857   -0.224
    0.833    1.693    2.176    2.982    3.538    4.622    4.844    4.885    5.248    5.648
    6.124    6.828
            0.098290 -0.056696  0.000000
  -67.519  -67.489  -34.510  -34.047  -33.689  -33.645  -33.628  -33.578  -19.175  -19.162
  -19.143  -19.140  -19.138  -19.136  -19.122  -19.119  -19.116  -19.114  -19.100  -19.095
  -19.030  -19.029  -12.566   -7.955   -5.284   -3.546   -3.339   -3.062   -0.924   -0.086
    0.728    1.820    2.216    3.007    3.460    4.449    4.744    4.786    5.165    5.563
    6.037    6.745
            0.081908 -0.047247  0.000000
  -67.521  -67.490  -34.516  -34.047  -33.664  -33.621  -33.620  -33.573  -19.175  -19.162
  -19.142  -19.140  -19.138  -19.136  -19.121  -19.119  -19.116  -19.114  -19.102  -19.096
  -19.029  -19.028  -12.625   -8.047   -5.258   -3.480   -3.305   -3.076   -0.991    0.051
    0.637    1.958    2.271    3.029    3.375    4.258    4.662    4.709    5.094    5.491
    5.962    6.672
            0.065527 -0.037798  0.000000
  -67.523  -67.492  -34.521  -34.047  -33.642  -33.615  -33.601  -33.570  -19.176  -19.163
  -19.141  -19.140  -19.138  -19.137  -19.120  -19.119  -19.115  -19.114  -19.103  -19.097
  -19.027  -19.027  -12.674   -8.124   -5.236   -3.443   -3.255   -3.090   -1.050    0.177
    0.562    2.105    2.339    3.046    3.284    4.063    4.597    4.646    5.037    5.432
    5.899    6.612
            0.049145 -0.028348  0.000000
  -67.524  -67.493  -34.525  -34.047  -33.625  -33.610  -33.585  -33.567  -19.176  -19.163
  -19.141  -19.140  -19.138  -19.137  -19.120  -19.119  -19.115  -19.114  -19.104  -19.098
  -19.027  -19.026  -12.713   -8.185   -5.218   -3.426   -3.201   -3.101   -1.098    0.282
    0.503    2.256    2.414    3.054    3.192    3.878    4.548    4.597    4.992    5.386
    5.848    6.565
            0.032763 -0.018899  0.000000
  -67.525  -67.493  -34.528  -34.048  -33.613  -33.606  -33.573  -33.565  -19.177  -19.163
  -19.140  -19.140  -19.138  -19.137  -19.119  -19.119  -19.115  -19.114  -19.105  -19.099
  -19.026  -19.025  -12.742   -8.229   -5.206   -3.419   -3.157   -3.109   -1.133    0.360
    0.461    2.402    2.490    3.046    3.106    3.719    4.513    4.561    4.960    5.353
    5.811    6.531
            0.016382 -0.009449  0.000000
  -67.525  -67.494  -34.530  -34.048  -33.606  -33.604  -33.566  -33.564  -19.177  -19.163
  -19.140  -19.140  -19.138  -19.138  -19.119  -19.119  -19.115  -19.115  -19.105  -19.099
  -19.025  -19.025  -12.759   -8.256   -5.198   -3.416   -3.130   -3.112   -1.155    0.407
    0.438    2.522    2.553    3.015    3.045    3.609    4.492    4.539    4.941    5.333
    5.788    6.511
            0.000000  0.000000  0.000000
  -67.525  -67.494  -34.531  -34.048  -33.603  -33.603  -33.565  -33.563  -19.177  -19.163
  -19.140  -19.140  -19.138  -19.138  -19.119  -19.119  -19.115  -19.115  -19.106  -19.099
  -19.025  -19.024  -12.765   -8.265   -5.195   -3.415   -3.124   -3.109   -1.162    0.417
    0.436    2.571    2.582    2.992    3.024    3.570    4.485    4.532    4.934    5.326
    5.780    6.494
