CELL_PARAMETERS (alat=  5.55000000)
   1.049878974  -0.000008548   0.000000000
  -0.524946890   0.909235131   0.000000000
   0.000000000   0.000000000   6.000000000
--
CELL_PARAMETERS (alat=  5.55000000)
   1.049630781  -0.000019654   0.000000000
  -0.524832411   0.909036839   0.000000000
   0.000000000   0.000000000   6.000000000
--
CELL_PARAMETERS (alat=  5.55000000)
   1.049630781  -0.000019654   0.000000000
  -0.524832411   0.909036839   0.000000000
   0.000000000   0.000000000   6.000000000
