CELL_PARAMETERS (alat=  5.55000000)
   1.040680213  -0.000000000   0.000000000
  -0.520340106   0.901255501   0.000000000
   0.000000000   0.000000000  10.000000000
--
CELL_PARAMETERS (alat=  5.55000000)
   1.040147518   0.000000000   0.000000000
  -0.520073759   0.900794174   0.000000000
   0.000000000   0.000000000  10.000000000
--
CELL_PARAMETERS (alat=  5.55000000)
   1.039009694   0.000000000   0.000000000
  -0.519504846   0.899808789   0.000000000
   0.000000000   0.000000000  10.000000000
--
CELL_PARAMETERS (alat=  5.55000000)
   1.037269815   0.000000000   0.000000000
  -0.518634907   0.898302009   0.000000000
   0.000000000   0.000000000  10.000000000
--
CELL_PARAMETERS (alat=  5.55000000)
   1.035366101   0.000000000   0.000000000
  -0.517683050   0.896653345   0.000000000
   0.000000000   0.000000000  10.000000000
--
CELL_PARAMETERS (alat=  5.55000000)
   1.035821817   0.000000000   0.000000000
  -0.517910908   0.897048007   0.000000000
   0.000000000   0.000000000  10.000000000
--
CELL_PARAMETERS (alat=  5.55000000)
   1.037969670   0.000000000   0.000000000
  -0.518984834   0.898908102   0.000000000
   0.000000000   0.000000000  10.000000000
--
CELL_PARAMETERS (alat=  5.55000000)
   1.044025494  -0.000000000   0.000000000
  -0.522012747   0.904152599   0.000000000
   0.000000000   0.000000000  10.000000000
--
CELL_PARAMETERS (alat=  5.55000000)
   1.049192287  -0.000000000   0.000000000
  -0.524596143   0.908627174   0.000000000
   0.000000000   0.000000000  10.000000000
--
CELL_PARAMETERS (alat=  5.55000000)
   1.052228130  -0.000000000   0.000000000
  -0.526114065   0.911256291   0.000000000
   0.000000000   0.000000000  10.000000000
--
CELL_PARAMETERS (alat=  5.55000000)
   1.054998792  -0.000000000   0.000000000
  -0.527499395   0.913655754   0.000000000
   0.000000000   0.000000000  10.000000000
--
CELL_PARAMETERS (alat=  5.55000000)
   1.058578736  -0.000000000   0.000000000
  -0.529289367   0.916756077   0.000000000
   0.000000000   0.000000000  10.000000000
--
CELL_PARAMETERS (alat=  5.55000000)
   1.058984392  -0.000000000   0.000000000
  -0.529492195   0.917107385   0.000000000
   0.000000000   0.000000000  10.000000000
--
CELL_PARAMETERS (alat=  5.55000000)
   1.058796454  -0.000000000   0.000000000
  -0.529398227   0.916944626   0.000000000
   0.000000000   0.000000000  10.000000000
--
CELL_PARAMETERS (alat=  5.55000000)
   1.058154233  -0.000000000   0.000000000
  -0.529077116   0.916388446   0.000000000
   0.000000000   0.000000000  10.000000000
--
CELL_PARAMETERS (alat=  5.55000000)
   1.057310544  -0.000000000   0.000000000
  -0.528655271   0.915657790   0.000000000
   0.000000000   0.000000000  10.000000000
--
CELL_PARAMETERS (alat=  5.55000000)
   1.056726170  -0.000000000   0.000000000
  -0.528363084   0.915151707   0.000000000
   0.000000000   0.000000000  10.000000000
--
CELL_PARAMETERS (alat=  5.55000000)
   1.056726170  -0.000000000   0.000000000
  -0.528363084   0.915151707   0.000000000
   0.000000000   0.000000000  10.000000000
