CELL_PARAMETERS (alat=  6.07200000)
   0.982445693  -0.000017717   0.000000000
  -0.490960761   0.851442672   0.000000000
   0.000000000   0.000000000   8.000000000
--
CELL_PARAMETERS (alat=  6.07200000)
   0.994108806  -0.000015480   0.000000000
  -0.496787085   0.861568444   0.000000000
   0.000000000   0.000000000   8.000000000
--
CELL_PARAMETERS (alat=  6.07200000)
   1.004504558  -0.000013635   0.000000000
  -0.501980426   0.870593257   0.000000000
   0.000000000   0.000000000   8.000000000
--
CELL_PARAMETERS (alat=  6.07200000)
   1.012632892  -0.000012326   0.000000000
  -0.506041163   0.877651208   0.000000000
   0.000000000   0.000000000   8.000000000
--
CELL_PARAMETERS (alat=  6.07200000)
   1.017720269  -0.000059495   0.000000000
  -0.508624295   0.881883792   0.000000000
   0.000000000   0.000000000   8.000000000
--
CELL_PARAMETERS (alat=  6.07200000)
   1.016077888  -0.000118188   0.000000000
  -0.507854438   0.880239335   0.000000000
   0.000000000   0.000000000   8.000000000
--
CELL_PARAMETERS (alat=  6.07200000)
   1.007782258  -0.000180772   0.000000000
  -0.503763206   0.872811875   0.000000000
   0.000000000   0.000000000   8.000000000
--
CELL_PARAMETERS (alat=  6.07200000)
   0.988480946  -0.000263677   0.000000000
  -0.494189852   0.855765432   0.000000000
   0.000000000   0.000000000   8.000000000
--
CELL_PARAMETERS (alat=  6.07200000)
   0.976854237  -0.000277451   0.000000000
  -0.488391718   0.845632886   0.000000000
   0.000000000   0.000000000   8.000000000
--
CELL_PARAMETERS (alat=  6.07200000)
   0.974303960  -0.000251185   0.000000000
  -0.487094534   0.843519556   0.000000000
   0.000000000   0.000000000   8.000000000
--
CELL_PARAMETERS (alat=  6.07200000)
   0.974698078  -0.000212197   0.000000000
  -0.487257690   0.844005657   0.000000000
   0.000000000   0.000000000   8.000000000
--
CELL_PARAMETERS (alat=  6.07200000)
   0.975820214  -0.000183560   0.000000000
  -0.487793620   0.845083182   0.000000000
   0.000000000   0.000000000   8.000000000
--
CELL_PARAMETERS (alat=  6.07200000)
   0.976635564  -0.000164041   0.000000000
  -0.488184147   0.845860070   0.000000000
   0.000000000   0.000000000   8.000000000
--
CELL_PARAMETERS (alat=  6.07200000)
   0.977260075  -0.000146393   0.000000000
  -0.488480929   0.846463085   0.000000000
   0.000000000   0.000000000   8.000000000
--
CELL_PARAMETERS (alat=  6.07200000)
   0.977444830  -0.000134891   0.000000000
  -0.488563285   0.846660486   0.000000000
   0.000000000   0.000000000   8.000000000
--
CELL_PARAMETERS (alat=  6.07200000)
   0.977223979  -0.000136745   0.000000000
  -0.488454528   0.846459886   0.000000000
   0.000000000   0.000000000   8.000000000
--
CELL_PARAMETERS (alat=  6.07200000)
   0.977223979  -0.000136745   0.000000000
  -0.488454528   0.846459886   0.000000000
   0.000000000   0.000000000   8.000000000
