CELL_PARAMETERS (alat=  5.55000000)
   1.043614041   0.000857845   0.000000000
  -0.521764910   0.901289225   0.000000000
   0.000000000   0.000000000  10.000000000
--
CELL_PARAMETERS (alat=  5.55000000)
   1.043484737   0.000819003   0.000000000
  -0.521733898   0.901398720   0.000000000
   0.000000000   0.000000000  10.000000000
--
CELL_PARAMETERS (alat=  5.55000000)
   1.043484737   0.000819003   0.000000000
  -0.521733898   0.901398720   0.000000000
   0.000000000   0.000000000  10.000000000
