 &plot nbnd=  29, nks=   113 /
            0.000000  0.000000  0.000000
  -68.237  -68.188  -35.272  -34.665  -34.349  -34.345  -34.284  -34.277  -19.895  -19.881
  -19.855  -19.855  -19.849  -19.848  -19.822  -19.821  -19.813  -19.813  -19.803  -19.798
  -19.737  -19.735  -13.223   -7.612   -4.357   -4.310   -1.865   -0.876   -0.691
           -0.000024  0.074124  0.000000
  -68.234  -68.187  -35.264  -34.668  -34.380  -34.356  -34.312  -34.281  -19.894  -19.881
  -19.856  -19.855  -19.849  -19.848  -19.823  -19.821  -19.813  -19.813  -19.801  -19.796
  -19.739  -19.737  -13.149   -7.470   -4.571   -4.288   -1.798   -0.995   -0.562
           -0.000048  0.148249  0.000000
  -68.227  -68.183  -35.241  -34.682  -34.461  -34.390  -34.384  -34.293  -19.891  -19.879
  -19.859  -19.856  -19.850  -19.846  -19.825  -19.820  -19.814  -19.811  -19.796  -19.791
  -19.744  -19.742  -12.945   -7.074   -5.065   -4.237   -1.712   -1.284   -0.755
           -0.000071  0.222373  0.000000
  -68.217  -68.177  -35.207  -34.726  -34.556  -34.502  -34.423  -34.313  -19.888  -19.876
  -19.862  -19.857  -19.851  -19.844  -19.828  -19.819  -19.815  -19.809  -19.789  -19.784
  -19.751  -19.750  -12.660   -6.553   -5.569   -4.199   -1.978   -1.487   -1.020
           -0.000095  0.296498  0.000000
  -68.204  -68.170  -35.173  -34.828  -34.629  -34.605  -34.466  -34.337  -19.884  -19.873
  -19.865  -19.858  -19.853  -19.843  -19.831  -19.817  -19.815  -19.807  -19.780  -19.776
  -19.759  -19.758  -12.356   -6.455   -5.556   -4.208   -2.547   -1.462   -0.931
           -0.000119  0.370622  0.000000
  -68.192  -68.164  -35.149  -34.952  -34.722  -34.638  -34.505  -34.362  -19.882  -19.870
  -19.868  -19.859  -19.855  -19.842  -19.832  -19.816  -19.814  -19.804  -19.771  -19.768
  -19.766  -19.764  -12.095   -6.789   -5.163   -4.259   -3.042   -1.153   -0.626
           -0.000143  0.444747  0.000000
  -68.182  -68.160  -35.146  -35.053  -34.777  -34.659  -34.535  -34.381  -19.882  -19.869
  -19.867  -19.860  -19.857  -19.842  -19.833  -19.816  -19.812  -19.802  -19.772  -19.769
  -19.764  -19.762  -11.916   -7.059   -4.958   -4.321   -3.383   -0.545   -0.221
           -0.000166  0.518871  0.000000
  -68.175  -68.158  -35.155  -35.106  -34.793  -34.673  -34.552  -34.392  -19.882  -19.869
  -19.866  -19.861  -19.858  -19.842  -19.833  -19.817  -19.811  -19.801  -19.775  -19.772
  -19.760  -19.758  -11.827   -7.198   -4.905   -4.361   -3.554    0.007    0.094
            0.064416  0.036993  0.000000
  -68.234  -68.187  -35.264  -34.668  -34.378  -34.358  -34.309  -34.285  -19.894  -19.881
  -19.856  -19.855  -19.849  -19.848  -19.822  -19.821  -19.813  -19.813  -19.801  -19.796
  -19.739  -19.737  -13.149   -7.469   -4.549   -4.312   -1.797   -0.994   -0.563
            0.064392  0.111118  0.000000
  -68.230  -68.184  -35.248  -34.676  -34.429  -34.397  -34.345  -34.295  -19.892  -19.879
  -19.858  -19.856  -19.849  -19.847  -19.824  -19.820  -19.814  -19.812  -19.798  -19.793
  -19.742  -19.741  -13.010   -7.199   -4.905   -4.277   -1.714   -1.159   -0.648
            0.064368  0.185242  0.000000
  -68.221  -68.179  -35.220  -34.702  -34.515  -34.480  -34.390  -34.316  -19.889  -19.877
  -19.860  -19.857  -19.850  -19.845  -19.827  -19.819  -19.814  -19.810  -19.791  -19.787
  -19.748  -19.747  -12.765   -6.715   -5.394   -4.284   -1.707   -1.391   -1.023
            0.064344  0.259367  0.000000
  -68.209  -68.172  -35.185  -34.772  -34.602  -34.574  -34.442  -34.340  -19.885  -19.875
  -19.864  -19.859  -19.851  -19.843  -19.830  -19.818  -19.814  -19.808  -19.783  -19.779
  -19.756  -19.755  -12.470   -6.290   -5.710   -4.336   -2.173   -1.354   -1.107
            0.064321  0.333491  0.000000
  -68.197  -68.166  -35.155  -34.887  -34.690  -34.626  -34.491  -34.367  -19.882  -19.872
  -19.866  -19.860  -19.853  -19.842  -19.832  -19.817  -19.814  -19.806  -19.775  -19.771
  -19.764  -19.762  -12.189   -6.540   -5.330   -4.412   -2.691   -1.174   -0.925
            0.064297  0.407615  0.000000
  -68.185  -68.161  -35.140  -35.000  -34.757  -34.656  -34.530  -34.390  -19.881  -19.869
  -19.868  -19.861  -19.855  -19.842  -19.833  -19.816  -19.813  -19.803  -19.770  -19.768
  -19.767  -19.764  -11.970   -6.862   -5.000   -4.481   -3.069   -0.780   -0.534
            0.064273  0.481740  0.000000
  -68.177  -68.158  -35.143  -35.078  -34.785  -34.678  -34.555  -34.407  -19.881  -19.869
  -19.867  -19.861  -19.857  -19.843  -19.833  -19.816  -19.812  -19.802  -19.775  -19.772
  -19.761  -19.759  -11.838   -7.067   -4.885   -4.537   -3.288   -0.240   -0.112
            0.064249  0.555864  0.000000
  -68.174  -68.158  -35.148  -35.105  -34.789  -34.687  -34.563  -34.412  -19.881  -19.869
  -19.866  -19.861  -19.858  -19.843  -19.833  -19.816  -19.811  -19.801  -19.777  -19.773
  -19.759  -19.758  -11.794   -7.137   -4.863   -4.563   -3.359    0.056    0.060
            0.064582 -0.481878  0.000000
  -68.177  -68.158  -35.143  -35.078  -34.785  -34.678  -34.555  -34.407  -19.881  -19.869
  -19.867  -19.861  -19.857  -19.843  -19.833  -19.816  -19.812  -19.802  -19.775  -19.772
  -19.761  -19.759  -11.837   -7.068   -4.886   -4.536   -3.290   -0.239   -0.113
            0.064558 -0.407753  0.000000
  -68.185  -68.161  -35.140  -35.001  -34.758  -34.656  -34.530  -34.390  -19.881  -19.869
  -19.868  -19.861  -19.855  -19.842  -19.833  -19.816  -19.813  -19.803  -19.771  -19.768
  -19.767  -19.764  -11.969   -6.863   -5.000   -4.480   -3.073   -0.778   -0.537
            0.064534 -0.333629  0.000000
  -68.197  -68.166  -35.155  -34.888  -34.691  -34.627  -34.491  -34.367  -19.882  -19.872
  -19.866  -19.860  -19.853  -19.843  -19.832  -19.817  -19.814  -19.806  -19.774  -19.771
  -19.764  -19.762  -12.188   -6.542   -5.329   -4.412   -2.695   -1.171   -0.925
            0.064511 -0.259504  0.000000
  -68.209  -68.172  -35.185  -34.773  -34.602  -34.574  -34.442  -34.341  -19.885  -19.875
  -19.864  -19.859  -19.851  -19.843  -19.830  -19.818  -19.814  -19.808  -19.783  -19.779
  -19.756  -19.755  -12.469   -6.290   -5.710   -4.337   -2.175   -1.354   -1.106
            0.064487 -0.185380  0.000000
  -68.221  -68.179  -35.220  -34.702  -34.516  -34.480  -34.391  -34.316  -19.889  -19.877
  -19.860  -19.857  -19.850  -19.845  -19.827  -19.819  -19.814  -19.810  -19.791  -19.787
  -19.748  -19.747  -12.765   -6.713   -5.391   -4.288   -1.707   -1.390   -1.021
            0.064463 -0.111256  0.000000
  -68.229  -68.184  -35.248  -34.676  -34.429  -34.397  -34.345  -34.297  -19.892  -19.879
  -19.858  -19.856  -19.849  -19.847  -19.824  -19.820  -19.814  -19.812  -19.798  -19.793
  -19.742  -19.741  -13.010   -7.198   -4.896   -4.288   -1.712   -1.157   -0.637
            0.064439 -0.037131  0.000000
  -68.234  -68.187  -35.263  -34.668  -34.376  -34.360  -34.307  -34.287  -19.894  -19.881
  -19.856  -19.855  -19.849  -19.848  -19.822  -19.821  -19.813  -19.813  -19.801  -19.796
  -19.739  -19.737  -13.148   -7.469   -4.536   -4.327   -1.796   -0.994   -0.563
            0.128831  0.073987  0.000000
  -68.227  -68.183  -35.240  -34.682  -34.460  -34.389  -34.386  -34.297  -19.891  -19.879
  -19.859  -19.856  -19.849  -19.846  -19.825  -19.820  -19.814  -19.811  -19.796  -19.791
  -19.744  -19.742  -12.944   -7.071   -5.046   -4.263   -1.708   -1.281   -0.742
            0.128807  0.148111  0.000000
  -68.221  -68.179  -35.219  -34.702  -34.515  -34.480  -34.390  -34.318  -19.889  -19.877
  -19.860  -19.857  -19.850  -19.845  -19.827  -19.819  -19.814  -19.810  -19.791  -19.787
  -19.748  -19.747  -12.764   -6.713   -5.385   -4.298   -1.698   -1.392   -1.025
            0.128784  0.222235  0.000000
  -68.211  -68.173  -35.190  -34.749  -34.593  -34.567  -34.420  -34.356  -19.885  -19.875
  -19.862  -19.860  -19.850  -19.844  -19.829  -19.819  -19.813  -19.809  -19.784  -19.780
  -19.755  -19.754  -12.510   -6.181   -5.773   -4.469   -1.772   -1.602   -0.937
            0.128760  0.296360  0.000000
  -68.200  -68.167  -35.158  -34.832  -34.690  -34.610  -34.473  -34.394  -19.881  -19.873
  -19.865  -19.862  -19.851  -19.843  -19.832  -19.818  -19.812  -19.808  -19.776  -19.773
  -19.762  -19.761  -12.237   -6.187   -5.554   -4.672   -2.212   -1.427   -0.728
            0.128736  0.370484  0.000000
  -68.188  -68.162  -35.135  -34.934  -34.754  -34.648  -34.527  -34.426  -19.879  -19.871
  -19.867  -19.862  -19.853  -19.843  -19.833  -19.817  -19.811  -19.806  -19.770  -19.769
  -19.767  -19.765  -11.999   -6.526   -5.062   -4.826   -2.555   -1.070   -0.685
            0.128712  0.444609  0.000000
  -68.178  -68.159  -35.125  -35.022  -34.780  -34.688  -34.564  -34.450  -19.878  -19.869
  -19.867  -19.862  -19.855  -19.844  -19.834  -19.816  -19.811  -19.804  -19.775  -19.773
  -19.762  -19.760  -11.831   -6.775   -4.913   -4.816   -2.764   -0.596   -0.452
            0.128689  0.518733  0.000000
  -68.172  -68.158  -35.121  -35.075  -34.777  -34.722  -34.581  -34.464  -19.879  -19.869
  -19.866  -19.861  -19.857  -19.844  -19.834  -19.815  -19.812  -19.803  -19.778  -19.776
  -19.758  -19.757  -11.746   -6.905   -4.947   -4.757   -2.867   -0.216   -0.149
            0.128665  0.592858  0.000000
  -68.172  -68.157  -35.122  -35.076  -34.778  -34.722  -34.581  -34.464  -19.879  -19.869
  -19.866  -19.861  -19.857  -19.844  -19.834  -19.815  -19.812  -19.803  -19.778  -19.776
  -19.758  -19.757  -11.746   -6.906   -4.948   -4.756   -2.868   -0.218   -0.149
            0.128998 -0.444885  0.000000
  -68.178  -68.159  -35.125  -35.023  -34.781  -34.688  -34.564  -34.450  -19.878  -19.869
  -19.867  -19.862  -19.855  -19.844  -19.834  -19.816  -19.811  -19.804  -19.775  -19.773
  -19.762  -19.760  -11.830   -6.777   -4.915   -4.814   -2.768   -0.600   -0.450
            0.128974 -0.370760  0.000000
  -68.188  -68.162  -35.135  -34.935  -34.756  -34.648  -34.527  -34.426  -19.879  -19.871
  -19.867  -19.862  -19.853  -19.843  -19.833  -19.817  -19.811  -19.806  -19.770  -19.769
  -19.767  -19.765  -11.997   -6.529   -5.061   -4.828   -2.560   -1.073   -0.681
            0.128950 -0.296636  0.000000
  -68.199  -68.167  -35.158  -34.833  -34.691  -34.611  -34.473  -34.394  -19.881  -19.873
  -19.865  -19.862  -19.851  -19.843  -19.832  -19.818  -19.812  -19.808  -19.776  -19.773
  -19.762  -19.762  -12.235   -6.189   -5.552   -4.674   -2.217   -1.427   -0.725
            0.128926 -0.222511  0.000000
  -68.211  -68.173  -35.189  -34.749  -34.593  -34.567  -34.421  -34.358  -19.885  -19.875
  -19.862  -19.860  -19.850  -19.844  -19.829  -19.819  -19.813  -19.809  -19.784  -19.780
  -19.755  -19.754  -12.508   -6.179   -5.771   -4.475   -1.771   -1.602   -0.939
            0.128903 -0.148387  0.000000
  -68.221  -68.179  -35.219  -34.702  -34.514  -34.480  -34.392  -34.320  -19.889  -19.877
  -19.860  -19.857  -19.850  -19.845  -19.827  -19.820  -19.814  -19.810  -19.791  -19.787
  -19.748  -19.747  -12.763   -6.711   -5.378   -4.310   -1.694   -1.391   -1.023
            0.128879 -0.074262  0.000000
  -68.227  -68.183  -35.240  -34.682  -34.459  -34.389  -34.386  -34.299  -19.891  -19.879
  -19.858  -19.856  -19.849  -19.846  -19.825  -19.820  -19.814  -19.811  -19.796  -19.791
  -19.744  -19.743  -12.943   -7.070   -5.036   -4.276   -1.705   -1.280   -0.733
            0.128855 -0.000138  0.000000
  -68.229  -68.184  -35.248  -34.676  -34.428  -34.396  -34.345  -34.300  -19.892  -19.879
  -19.857  -19.856  -19.849  -19.847  -19.824  -19.821  -19.814  -19.812  -19.798  -19.793
  -19.742  -19.741  -13.009   -7.196   -4.879   -4.310   -1.711   -1.156   -0.616
            0.193247  0.110980  0.000000
  -68.217  -68.176  -35.207  -34.725  -34.556  -34.500  -34.427  -34.317  -19.887  -19.876
  -19.862  -19.857  -19.851  -19.844  -19.828  -19.819  -19.815  -19.809  -19.788  -19.784
  -19.751  -19.750  -12.657   -6.548   -5.555   -4.226   -1.965   -1.489   -1.018
            0.193223  0.185104  0.000000
  -68.209  -68.172  -35.185  -34.771  -34.604  -34.572  -34.445  -34.344  -19.885  -19.875
  -19.864  -19.859  -19.851  -19.843  -19.830  -19.818  -19.814  -19.808  -19.783  -19.779
  -19.756  -19.755  -12.468   -6.284   -5.703   -4.357   -2.161   -1.357   -1.113
            0.193199  0.259229  0.000000
  -68.199  -68.167  -35.158  -34.831  -34.691  -34.610  -34.474  -34.396  -19.881  -19.873
  -19.865  -19.862  -19.851  -19.843  -19.832  -19.818  -19.812  -19.808  -19.776  -19.773
  -19.762  -19.761  -12.236   -6.182   -5.555   -4.681   -2.206   -1.429   -0.737
            0.193176  0.333353  0.000000
  -68.189  -68.162  -35.133  -34.894  -34.772  -34.637  -34.520  -34.454  -19.877  -19.872
  -19.865  -19.864  -19.852  -19.844  -19.833  -19.818  -19.810  -19.808  -19.770  -19.769
  -19.768  -19.766  -12.006   -6.295   -5.221   -4.939   -2.141   -1.501   -0.408
            0.193152  0.407478  0.000000
  -68.179  -68.159  -35.113  -34.959  -34.813  -34.672  -34.570  -34.498  -19.875  -19.871
  -19.866  -19.863  -19.854  -19.845  -19.834  -19.817  -19.809  -19.807  -19.775  -19.774
  -19.762  -19.760  -11.821   -6.451   -5.268   -4.775   -2.135   -1.210   -0.579
            0.193128  0.481602  0.000000
  -68.171  -68.157  -35.095  -35.018  -34.813  -34.720  -34.597  -34.528  -19.875  -19.869
  -19.865  -19.862  -19.856  -19.845  -19.835  -19.815  -19.811  -19.805  -19.779  -19.778
  -19.758  -19.756  -11.703   -6.580   -5.348   -4.632   -2.205   -0.710   -0.490
            0.193104  0.555727  0.000000
  -68.168  -68.157  -35.078  -35.051  -34.798  -34.753  -34.602  -34.538  -19.875  -19.868
  -19.865  -19.860  -19.857  -19.846  -19.835  -19.814  -19.812  -19.805  -19.781  -19.779
  -19.756  -19.755  -11.663   -6.630   -5.370   -4.597   -2.244   -0.449   -0.389
            0.193080  0.629851  0.000000
  -68.171  -68.157  -35.095  -35.019  -34.813  -34.720  -34.596  -34.528  -19.875  -19.869
  -19.865  -19.862  -19.856  -19.845  -19.835  -19.815  -19.811  -19.805  -19.779  -19.778
  -19.758  -19.756  -11.702   -6.582   -5.348   -4.633   -2.207   -0.716   -0.488
            0.193413 -0.407891  0.000000
  -68.178  -68.159  -35.113  -34.961  -34.813  -34.672  -34.569  -34.499  -19.875  -19.871
  -19.866  -19.863  -19.854  -19.845  -19.834  -19.817  -19.809  -19.807  -19.775  -19.774
  -19.762  -19.760  -11.819   -6.455   -5.268   -4.776   -2.139   -1.216   -0.577
            0.193390 -0.333767  0.000000
  -68.188  -68.162  -35.133  -34.896  -34.773  -34.637  -34.521  -34.454  -19.877  -19.872
  -19.865  -19.864  -19.852  -19.844  -19.833  -19.818  -19.810  -19.808  -19.770  -19.769
  -19.768  -19.766  -12.004   -6.298   -5.221   -4.942   -2.146   -1.503   -0.407
            0.193366 -0.259642  0.000000
  -68.199  -68.167  -35.158  -34.832  -34.692  -34.610  -34.475  -34.397  -19.881  -19.873
  -19.865  -19.862  -19.851  -19.843  -19.832  -19.818  -19.812  -19.808  -19.776  -19.773
  -19.762  -19.762  -12.233   -6.181   -5.553   -4.689   -2.207   -1.430   -0.739
            0.193342 -0.185518  0.000000
  -68.209  -68.172  -35.184  -34.771  -34.604  -34.572  -34.447  -34.346  -19.885  -19.875
  -19.864  -19.859  -19.851  -19.844  -19.830  -19.818  -19.814  -19.808  -19.783  -19.779
  -19.756  -19.755  -12.466   -6.281   -5.698   -4.369   -2.157   -1.358   -1.114
            0.193318 -0.111393  0.000000
  -68.216  -68.176  -35.206  -34.725  -34.556  -34.499  -34.429  -34.320  -19.887  -19.876
  -19.862  -19.857  -19.851  -19.844  -19.828  -19.819  -19.815  -19.809  -19.788  -19.784
  -19.751  -19.750  -12.655   -6.546   -5.547   -4.240   -1.958   -1.491   -1.017
            0.193294 -0.037269  0.000000
  -68.220  -68.179  -35.219  -34.702  -34.515  -34.480  -34.393  -34.321  -19.889  -19.877
  -19.860  -19.857  -19.850  -19.845  -19.826  -19.820  -19.814  -19.810  -19.791  -19.787
  -19.748  -19.747  -12.761   -6.709   -5.373   -4.319   -1.695   -1.389   -1.019
            0.193271  0.036855  0.000000
  -68.221  -68.179  -35.219  -34.702  -34.516  -34.479  -34.392  -34.320  -19.889  -19.877
  -19.860  -19.857  -19.850  -19.845  -19.827  -19.820  -19.814  -19.810  -19.791  -19.787
  -19.748  -19.747  -12.762   -6.710   -5.378   -4.312   -1.699   -1.388   -1.018
            0.257662  0.147973  0.000000
  -68.204  -68.169  -35.172  -34.827  -34.630  -34.604  -34.470  -34.342  -19.884  -19.873
  -19.865  -19.858  -19.853  -19.843  -19.831  -19.817  -19.815  -19.807  -19.780  -19.776
  -19.759  -19.758  -12.352   -6.448   -5.550   -4.237   -2.537   -1.465   -0.931
            0.257639  0.222098  0.000000
  -68.197  -68.166  -35.154  -34.887  -34.690  -34.626  -34.495  -34.371  -19.882  -19.872
  -19.866  -19.860  -19.853  -19.843  -19.832  -19.817  -19.814  -19.806  -19.774  -19.771
  -19.764  -19.762  -12.185   -6.533   -5.327   -4.436   -2.682   -1.177   -0.925
            0.257615  0.296222  0.000000
  -68.188  -68.162  -35.134  -34.933  -34.755  -34.648  -34.530  -34.429  -19.879  -19.871
  -19.867  -19.862  -19.853  -19.843  -19.833  -19.817  -19.812  -19.806  -19.770  -19.769
  -19.767  -19.765  -11.996   -6.520   -5.066   -4.840   -2.549   -1.066   -0.692
            0.257591  0.370346  0.000000
  -68.178  -68.159  -35.113  -34.958  -34.813  -34.671  -34.572  -34.500  -19.875  -19.871
  -19.866  -19.863  -19.854  -19.845  -19.834  -19.816  -19.810  -19.807  -19.775  -19.774
  -19.762  -19.760  -11.819   -6.448   -5.276   -4.777   -2.137   -1.204   -0.579
            0.257567  0.444471  0.000000
  -68.170  -68.157  -35.084  -34.970  -34.862  -34.695  -34.611  -34.560  -19.872  -19.870
  -19.865  -19.862  -19.855  -19.846  -19.835  -19.815  -19.809  -19.807  -19.780  -19.779
  -19.758  -19.756  -11.685   -6.371   -5.579   -4.574   -1.577   -1.291   -0.646
            0.257544  0.518595  0.000000
  -68.165  -68.157  -35.044  -34.997  -34.882  -34.725  -34.621  -34.598  -19.873  -19.868
  -19.865  -19.860  -19.857  -19.847  -19.836  -19.813  -19.811  -19.807  -19.782  -19.782
  -19.755  -19.754  -11.612   -6.332   -5.733   -4.467   -1.524   -0.884   -0.646
            0.257520  0.592720  0.000000
  -68.165  -68.157  -35.044  -34.998  -34.882  -34.725  -34.621  -34.598  -19.873  -19.868
  -19.865  -19.860  -19.857  -19.847  -19.836  -19.813  -19.811  -19.807  -19.782  -19.782
  -19.755  -19.754  -11.612   -6.334   -5.733   -4.468   -1.524   -0.893   -0.640
            0.257496  0.666844  0.000000
  -68.170  -68.157  -35.085  -34.972  -34.862  -34.695  -34.611  -34.560  -19.872  -19.870
  -19.865  -19.862  -19.855  -19.846  -19.835  -19.815  -19.809  -19.807  -19.780  -19.779
  -19.758  -19.756  -11.683   -6.375   -5.581   -4.577   -1.581   -1.297   -0.642
            0.257829 -0.370898  0.000000
  -68.178  -68.159  -35.113  -34.960  -34.814  -34.671  -34.573  -34.501  -19.875  -19.871
  -19.866  -19.864  -19.854  -19.845  -19.834  -19.817  -19.810  -19.806  -19.775  -19.774
  -19.762  -19.760  -11.817   -6.450   -5.281   -4.778   -2.142   -1.206   -0.576
            0.257805 -0.296773  0.000000
  -68.187  -68.162  -35.134  -34.934  -34.756  -34.648  -34.532  -34.431  -19.879  -19.870
  -19.867  -19.863  -19.853  -19.844  -19.833  -19.817  -19.811  -19.806  -19.770  -19.769
  -19.767  -19.765  -11.993   -6.520   -5.065   -4.849   -2.552   -1.067   -0.691
            0.257781 -0.222649  0.000000
  -68.196  -68.166  -35.154  -34.887  -34.691  -34.626  -34.498  -34.374  -19.882  -19.872
  -19.866  -19.860  -19.853  -19.843  -19.832  -19.817  -19.814  -19.806  -19.774  -19.771
  -19.764  -19.763  -12.182   -6.530   -5.324   -4.449   -2.681   -1.177   -0.925
            0.257758 -0.148525  0.000000
  -68.204  -68.169  -35.171  -34.827  -34.631  -34.603  -34.473  -34.345  -19.884  -19.873
  -19.865  -19.858  -19.852  -19.843  -19.831  -19.817  -19.815  -19.807  -19.779  -19.775
  -19.759  -19.758  -12.350   -6.443   -5.546   -4.252   -2.532   -1.466   -0.930
            0.257734 -0.074400  0.000000
  -68.209  -68.172  -35.184  -34.773  -34.604  -34.573  -34.447  -34.347  -19.885  -19.875
  -19.864  -19.859  -19.851  -19.844  -19.829  -19.818  -19.814  -19.808  -19.783  -19.779
  -19.756  -19.755  -12.464   -6.280   -5.698   -4.372   -2.161   -1.358   -1.110
            0.257710 -0.000276  0.000000
  -68.211  -68.173  -35.189  -34.750  -34.594  -34.568  -34.422  -34.360  -19.885  -19.875
  -19.862  -19.860  -19.850  -19.844  -19.829  -19.819  -19.813  -19.809  -19.784  -19.780
  -19.755  -19.754  -12.505   -6.175   -5.768   -4.488   -1.769   -1.602   -0.943
            0.257686  0.073849  0.000000
  -68.209  -68.172  -35.184  -34.773  -34.604  -34.574  -34.445  -34.345  -19.885  -19.875
  -19.864  -19.859  -19.851  -19.843  -19.830  -19.818  -19.814  -19.808  -19.783  -19.779
  -19.756  -19.755  -12.465   -6.284   -5.702   -4.361   -2.167   -1.357   -1.108
            0.322078  0.184966  0.000000
  -68.191  -68.163  -35.148  -34.952  -34.722  -34.639  -34.511  -34.367  -19.882  -19.870
  -19.868  -19.859  -19.855  -19.842  -19.832  -19.816  -19.814  -19.804  -19.771  -19.768
  -19.767  -19.765  -12.090   -6.783   -5.162   -4.290   -3.034   -1.151   -0.623
            0.322054  0.259091  0.000000
  -68.185  -68.161  -35.140  -35.000  -34.756  -34.657  -34.535  -34.395  -19.881  -19.868
  -19.868  -19.861  -19.855  -19.843  -19.833  -19.816  -19.813  -19.803  -19.771  -19.768
  -19.766  -19.764  -11.965   -6.857   -5.002   -4.508   -3.062   -0.778   -0.528
            0.322031  0.333215  0.000000
  -68.178  -68.159  -35.125  -35.022  -34.780  -34.689  -34.568  -34.454  -19.878  -19.869
  -19.867  -19.862  -19.855  -19.844  -19.834  -19.816  -19.812  -19.804  -19.775  -19.773
  -19.762  -19.760  -11.827   -6.771   -4.930   -4.824   -2.763   -0.585   -0.447
            0.322007  0.407340  0.000000
  -68.170  -68.157  -35.095  -35.018  -34.814  -34.720  -34.600  -34.529  -19.875  -19.869
  -19.865  -19.862  -19.856  -19.845  -19.835  -19.815  -19.811  -19.805  -19.779  -19.778
  -19.758  -19.756  -11.701   -6.578   -5.359   -4.638   -2.213   -0.695   -0.481
            0.321983  0.481464  0.000000
  -68.164  -68.158  -35.045  -34.997  -34.883  -34.724  -34.623  -34.598  -19.873  -19.868
  -19.864  -19.860  -19.857  -19.847  -19.836  -19.813  -19.811  -19.807  -19.782  -19.782
  -19.755  -19.754  -11.611   -6.332   -5.738   -4.471   -1.541   -0.865   -0.641
            0.321959  0.555589  0.000000
  -68.160  -68.160  -34.990  -34.988  -34.945  -34.722  -34.631  -34.628  -19.873  -19.866
  -19.866  -19.858  -19.858  -19.848  -19.837  -19.812  -19.812  -19.808  -19.783  -19.783
  -19.754  -19.754  -11.578   -6.057   -6.057   -4.401   -1.050   -0.914   -0.902
            0.321935  0.629713  0.000000
  -68.164  -68.158  -35.045  -34.998  -34.884  -34.724  -34.624  -34.598  -19.873  -19.868
  -19.864  -19.860  -19.857  -19.847  -19.836  -19.813  -19.811  -19.807  -19.782  -19.782
  -19.755  -19.754  -11.610   -6.333   -5.741   -4.473   -1.551   -0.863   -0.632
            0.321912  0.703838  0.000000
  -68.170  -68.157  -35.096  -35.018  -34.815  -34.719  -34.601  -34.530  -19.875  -19.869
  -19.865  -19.862  -19.856  -19.846  -19.835  -19.815  -19.811  -19.805  -19.780  -19.778
  -19.758  -19.756  -11.698   -6.579   -5.366   -4.641   -2.220   -0.693   -0.474
            0.322245 -0.333905  0.000000
  -68.177  -68.158  -35.125  -35.023  -34.780  -34.689  -34.570  -34.456  -19.878  -19.869
  -19.867  -19.862  -19.855  -19.844  -19.834  -19.816  -19.811  -19.804  -19.775  -19.773
  -19.762  -19.760  -11.824   -6.771   -4.940   -4.825   -2.767   -0.583   -0.442
            0.322221 -0.259780  0.000000
  -68.184  -68.161  -35.140  -35.000  -34.756  -34.657  -34.538  -34.398  -19.881  -19.868
  -19.868  -19.861  -19.855  -19.843  -19.833  -19.816  -19.813  -19.803  -19.771  -19.769
  -19.766  -19.764  -11.962   -6.855   -5.002   -4.522   -3.062   -0.774   -0.526
            0.322197 -0.185656  0.000000
  -68.191  -68.163  -35.148  -34.952  -34.722  -34.639  -34.514  -34.370  -19.882  -19.870
  -19.868  -19.860  -19.855  -19.842  -19.832  -19.816  -19.814  -19.804  -19.771  -19.768
  -19.767  -19.765  -12.088   -6.780   -5.160   -4.306   -3.031   -1.149   -0.620
            0.322173 -0.111531  0.000000
  -68.196  -68.166  -35.154  -34.888  -34.692  -34.626  -34.497  -34.374  -19.882  -19.872
  -19.866  -19.860  -19.853  -19.843  -19.832  -19.817  -19.814  -19.806  -19.774  -19.771
  -19.764  -19.763  -12.181   -6.533   -5.323   -4.450   -2.687   -1.173   -0.926
            0.322149 -0.037407  0.000000
  -68.199  -68.167  -35.157  -34.835  -34.693  -34.611  -34.475  -34.398  -19.881  -19.873
  -19.865  -19.862  -19.851  -19.843  -19.831  -19.818  -19.812  -19.808  -19.776  -19.772
  -19.762  -19.762  -12.230   -6.185   -5.549   -4.695   -2.214   -1.432   -0.735
            0.322126  0.036718  0.000000
  -68.199  -68.167  -35.157  -34.835  -34.693  -34.611  -34.475  -34.397  -19.881  -19.873
  -19.865  -19.862  -19.851  -19.843  -19.831  -19.818  -19.812  -19.808  -19.776  -19.772
  -19.762  -19.762  -12.231   -6.188   -5.550   -4.690   -2.218   -1.431   -0.730
            0.322102  0.110842  0.000000
  -68.196  -68.166  -35.154  -34.889  -34.692  -34.627  -34.494  -34.371  -19.882  -19.872
  -19.867  -19.860  -19.853  -19.843  -19.832  -19.817  -19.814  -19.806  -19.774  -19.771
  -19.764  -19.762  -12.182   -6.537   -5.326   -4.438   -2.692   -1.171   -0.926
            0.386494  0.221960  0.000000
  -68.181  -68.159  -35.146  -35.053  -34.775  -34.661  -34.541  -34.386  -19.882  -19.869
  -19.867  -19.860  -19.857  -19.842  -19.833  -19.817  -19.812  -19.802  -19.773  -19.770
  -19.764  -19.761  -11.910   -7.056   -4.963   -4.354   -3.376   -0.535   -0.213
            0.386470  0.296084  0.000000
  -68.176  -68.158  -35.144  -35.078  -34.782  -34.680  -34.560  -34.412  -19.881  -19.869
  -19.866  -19.861  -19.857  -19.843  -19.833  -19.816  -19.812  -19.801  -19.775  -19.772
  -19.761  -19.759  -11.832   -7.064   -4.891   -4.566   -3.284   -0.229   -0.100
            0.386446  0.370209  0.000000
  -68.171  -68.157  -35.123  -35.076  -34.775  -34.725  -34.586  -34.468  -19.879  -19.869
  -19.865  -19.861  -19.857  -19.844  -19.834  -19.816  -19.812  -19.802  -19.778  -19.776
  -19.758  -19.757  -11.742   -6.904   -4.965   -4.766   -2.871   -0.203   -0.135
            0.386422  0.444333  0.000000
  -68.167  -68.157  -35.080  -35.051  -34.801  -34.752  -34.605  -34.540  -19.875  -19.868
  -19.864  -19.861  -19.857  -19.846  -19.835  -19.814  -19.812  -19.804  -19.781  -19.779
  -19.756  -19.755  -11.659   -6.631   -5.382   -4.604   -2.256   -0.438   -0.372
            0.386399  0.518457  0.000000
  -68.164  -68.158  -35.046  -35.000  -34.883  -34.724  -34.621  -34.599  -19.873  -19.868
  -19.865  -19.860  -19.857  -19.847  -19.836  -19.814  -19.811  -19.807  -19.782  -19.782
  -19.755  -19.754  -11.610   -6.338   -5.738   -4.474   -1.541   -0.889   -0.624
            0.386375  0.592582  0.000000
  -68.164  -68.158  -35.046  -35.000  -34.883  -34.724  -34.623  -34.599  -19.873  -19.868
  -19.864  -19.860  -19.857  -19.847  -19.836  -19.814  -19.811  -19.807  -19.782  -19.782
  -19.755  -19.754  -11.609   -6.337   -5.741   -4.475   -1.551   -0.878   -0.621
            0.386351  0.666706  0.000000
  -68.167  -68.157  -35.081  -35.051  -34.802  -34.751  -34.607  -34.542  -19.875  -19.868
  -19.864  -19.861  -19.857  -19.846  -19.835  -19.814  -19.812  -19.804  -19.781  -19.779
  -19.756  -19.755  -11.658   -6.631   -5.389   -4.608   -2.263   -0.430   -0.364
            0.386327  0.740831  0.000000
  -68.171  -68.157  -35.124  -35.076  -34.775  -34.726  -34.588  -34.470  -19.879  -19.869
  -19.865  -19.861  -19.857  -19.844  -19.834  -19.816  -19.812  -19.802  -19.779  -19.776
  -19.758  -19.757  -11.739   -6.904   -4.976   -4.769   -2.875   -0.197   -0.126
            0.386660 -0.296911  0.000000
  -68.176  -68.158  -35.144  -35.078  -34.782  -34.681  -34.563  -34.415  -19.881  -19.869
  -19.866  -19.861  -19.857  -19.843  -19.833  -19.816  -19.812  -19.801  -19.776  -19.772
  -19.761  -19.759  -11.829   -7.063   -4.894   -4.580   -3.285   -0.222   -0.094
            0.386636 -0.222787  0.000000
  -68.180  -68.159  -35.146  -35.053  -34.775  -34.661  -34.545  -34.390  -19.882  -19.869
  -19.867  -19.861  -19.857  -19.843  -19.833  -19.817  -19.812  -19.802  -19.773  -19.770
  -19.764  -19.761  -11.907   -7.053   -4.964   -4.371   -3.374   -0.530   -0.208
            0.386613 -0.148662  0.000000
  -68.184  -68.161  -35.140  -35.002  -34.758  -34.657  -34.537  -34.398  -19.881  -19.868
  -19.868  -19.861  -19.855  -19.843  -19.833  -19.817  -19.813  -19.803  -19.771  -19.769
  -19.766  -19.763  -11.961   -6.858   -5.003   -4.520   -3.069   -0.769   -0.530
            0.386589 -0.074538  0.000000
  -68.187  -68.162  -35.135  -34.937  -34.758  -34.648  -34.531  -34.431  -19.879  -19.871
  -19.867  -19.863  -19.853  -19.843  -19.833  -19.817  -19.811  -19.806  -19.770  -19.769
  -19.767  -19.765  -11.990   -6.527   -5.061   -4.853   -2.562   -1.074   -0.682
            0.386565 -0.000414  0.000000
  -68.188  -68.162  -35.133  -34.900  -34.774  -34.638  -34.521  -34.455  -19.877  -19.872
  -19.865  -19.865  -19.852  -19.844  -19.833  -19.818  -19.810  -19.807  -19.770  -19.769
  -19.768  -19.765  -12.000   -6.304   -5.219   -4.951   -2.155   -1.508   -0.402
            0.386541  0.073711  0.000000
  -68.187  -68.162  -35.135  -34.938  -34.758  -34.648  -34.529  -34.429  -19.879  -19.871
  -19.867  -19.863  -19.853  -19.843  -19.833  -19.817  -19.811  -19.806  -19.770  -19.769
  -19.767  -19.765  -11.992   -6.530   -5.061   -4.846   -2.565   -1.076   -0.678
            0.386518  0.147835  0.000000
  -68.185  -68.161  -35.140  -35.002  -34.758  -34.656  -34.534  -34.395  -19.881  -19.869
  -19.868  -19.861  -19.855  -19.843  -19.833  -19.817  -19.813  -19.803  -19.771  -19.769
  -19.766  -19.764  -11.963   -6.861   -5.003   -4.506   -3.073   -0.770   -0.534
            0.450909  0.258953  0.000000
  -68.174  -68.158  -35.157  -35.107  -34.790  -34.675  -34.558  -34.397  -19.882  -19.869
  -19.866  -19.861  -19.858  -19.843  -19.833  -19.817  -19.811  -19.800  -19.776  -19.772
  -19.760  -19.758  -11.822   -7.196   -4.914   -4.395   -3.548    0.022    0.107
            0.450886  0.333077  0.000000
  -68.173  -68.158  -35.150  -35.106  -34.786  -34.690  -34.569  -34.418  -19.881  -19.869
  -19.866  -19.861  -19.858  -19.843  -19.833  -19.816  -19.811  -19.801  -19.777  -19.773
  -19.759  -19.757  -11.789   -7.135   -4.873   -4.590   -3.359    0.072    0.073
            0.450862  0.407202  0.000000
  -68.171  -68.157  -35.124  -35.076  -34.777  -34.723  -34.585  -34.468  -19.879  -19.869
  -19.865  -19.861  -19.857  -19.844  -19.834  -19.816  -19.812  -19.802  -19.778  -19.776
  -19.758  -19.757  -11.741   -6.907   -4.968   -4.764   -2.875   -0.208   -0.134
            0.450838  0.481326  0.000000
  -68.170  -68.157  -35.097  -35.021  -34.815  -34.719  -34.599  -34.529  -19.875  -19.869
  -19.865  -19.862  -19.856  -19.845  -19.835  -19.815  -19.811  -19.805  -19.780  -19.778
  -19.758  -19.756  -11.698   -6.586   -5.360   -4.640   -2.218   -0.713   -0.474
            0.450814  0.555451  0.000000
  -68.170  -68.157  -35.086  -34.976  -34.862  -34.696  -34.610  -34.561  -19.872  -19.870
  -19.865  -19.862  -19.855  -19.846  -19.835  -19.815  -19.809  -19.807  -19.780  -19.779
  -19.757  -19.756  -11.680   -6.383   -5.584   -4.582   -1.588   -1.308   -0.632
            0.450790  0.629575  0.000000
  -68.170  -68.157  -35.097  -35.020  -34.816  -34.719  -34.600  -34.531  -19.875  -19.869
  -19.865  -19.862  -19.856  -19.846  -19.835  -19.815  -19.811  -19.805  -19.780  -19.778
  -19.757  -19.756  -11.697   -6.585   -5.366   -4.643   -2.223   -0.705   -0.469
            0.450767  0.703700  0.000000
  -68.171  -68.157  -35.124  -35.076  -34.776  -34.725  -34.588  -34.470  -19.879  -19.869
  -19.865  -19.861  -19.857  -19.844  -19.834  -19.816  -19.812  -19.802  -19.779  -19.776
  -19.758  -19.757  -11.739   -6.906   -4.978   -4.768   -2.877   -0.200   -0.126
            0.450743  0.777824  0.000000
  -68.172  -68.157  -35.151  -35.106  -34.785  -34.691  -34.572  -34.421  -19.881  -19.869
  -19.866  -19.861  -19.858  -19.843  -19.833  -19.816  -19.811  -19.801  -19.777  -19.774
  -19.759  -19.757  -11.786   -7.134   -4.876   -4.605   -3.359    0.080    0.081
            0.451076 -0.259918  0.000000
  -68.174  -68.158  -35.157  -35.107  -34.789  -34.676  -34.562  -34.401  -19.882  -19.869
  -19.866  -19.861  -19.858  -19.843  -19.833  -19.817  -19.811  -19.800  -19.776  -19.772
  -19.760  -19.758  -11.818   -7.194   -4.917   -4.412   -3.545    0.030    0.114
            0.451052 -0.185794  0.000000
  -68.176  -68.158  -35.145  -35.079  -34.782  -34.680  -34.563  -34.415  -19.881  -19.869
  -19.866  -19.861  -19.857  -19.843  -19.833  -19.817  -19.812  -19.801  -19.776  -19.772
  -19.761  -19.759  -11.829   -7.065   -4.896   -4.576   -3.289   -0.221   -0.096
            0.451028 -0.111669  0.000000
  -68.177  -68.158  -35.126  -35.025  -34.782  -34.688  -34.570  -34.456  -19.878  -19.869
  -19.867  -19.862  -19.855  -19.844  -19.834  -19.816  -19.811  -19.804  -19.776  -19.773
  -19.762  -19.759  -11.822   -6.776   -4.944   -4.822   -2.774   -0.591   -0.437
            0.451004 -0.037545  0.000000
  -68.178  -68.158  -35.114  -34.964  -34.815  -34.671  -34.572  -34.501  -19.875  -19.871
  -19.866  -19.864  -19.854  -19.845  -19.834  -19.817  -19.809  -19.806  -19.775  -19.775
  -19.762  -19.760  -11.814   -6.459   -5.281   -4.781   -2.150   -1.217   -0.569
            0.450981  0.036580  0.000000
  -68.178  -68.159  -35.114  -34.964  -34.814  -34.672  -34.571  -34.500  -19.875  -19.871
  -19.866  -19.864  -19.854  -19.845  -19.834  -19.817  -19.809  -19.806  -19.775  -19.775
  -19.762  -19.760  -11.814   -6.461   -5.277   -4.781   -2.149   -1.220   -0.569
            0.450957  0.110704  0.000000
  -68.177  -68.158  -35.126  -35.025  -34.782  -34.688  -34.567  -34.454  -19.878  -19.869
  -19.867  -19.862  -19.855  -19.844  -19.834  -19.816  -19.811  -19.804  -19.775  -19.773
  -19.762  -19.760  -11.824   -6.779   -4.936   -4.818   -2.774   -0.597   -0.439
            0.450933  0.184829  0.000000
  -68.176  -68.158  -35.145  -35.079  -34.783  -34.679  -34.560  -34.412  -19.881  -19.869
  -19.866  -19.861  -19.857  -19.843  -19.833  -19.817  -19.812  -19.801  -19.775  -19.772
  -19.761  -19.759  -11.831   -7.067   -4.894   -4.561   -3.291   -0.227   -0.103
