CELL_PARAMETERS (alat=  5.55000000)
   1.033636577  -0.006127491   0.000000000
  -0.522123034   0.898295159   0.000000000
   0.000000000   0.000000000  10.000000000
--
CELL_PARAMETERS (alat=  5.55000000)
   1.040377216  -0.010305777   0.000000000
  -0.529124875   0.908827406   0.000000000
   0.000000000   0.000000000  10.000000000
--
CELL_PARAMETERS (alat=  5.55000000)
   1.047957266  -0.013928788   0.000000000
  -0.536060277   0.918724262   0.000000000
   0.000000000   0.000000000  10.000000000
--
CELL_PARAMETERS (alat=  5.55000000)
   1.053258905  -0.015007909   0.000000000
  -0.539637162   0.923405157   0.000000000
   0.000000000   0.000000000  10.000000000
--
CELL_PARAMETERS (alat=  5.55000000)
   1.058408390  -0.013713290   0.000000000
  -0.541060833   0.924706381   0.000000000
   0.000000000   0.000000000  10.000000000
--
CELL_PARAMETERS (alat=  5.55000000)
   1.061187162  -0.010045719   0.000000000
  -0.539237021   0.921947564   0.000000000
   0.000000000   0.000000000  10.000000000
--
CELL_PARAMETERS (alat=  5.55000000)
   1.061803576  -0.005386533   0.000000000
  -0.535481472   0.917678088   0.000000000
   0.000000000   0.000000000  10.000000000
--
CELL_PARAMETERS (alat=  5.55000000)
   1.061008320  -0.001803705   0.000000000
  -0.531967252   0.914561205   0.000000000
   0.000000000   0.000000000  10.000000000
--
CELL_PARAMETERS (alat=  5.55000000)
   1.061005214   0.000046681   0.000000000
  -0.530356712   0.914102873   0.000000000
   0.000000000   0.000000000  10.000000000
--
CELL_PARAMETERS (alat=  5.55000000)
   1.061011098   0.001659919   0.000000000
  -0.528956156   0.913862854   0.000000000
   0.000000000   0.000000000  10.000000000
--
CELL_PARAMETERS (alat=  5.55000000)
   1.060890210   0.003965286   0.000000000
  -0.526889211   0.913466431   0.000000000
   0.000000000   0.000000000  10.000000000
--
CELL_PARAMETERS (alat=  5.55000000)
   1.060553537   0.007363913   0.000000000
  -0.523761782   0.912806933   0.000000000
   0.000000000   0.000000000  10.000000000
--
CELL_PARAMETERS (alat=  5.55000000)
   1.059964864   0.012379109   0.000000000
  -0.519099938   0.911792079   0.000000000
   0.000000000   0.000000000  10.000000000
--
CELL_PARAMETERS (alat=  5.55000000)
   1.059151224   0.019882729   0.000000000
  -0.512158279   0.910263446   0.000000000
   0.000000000   0.000000000  10.000000000
--
CELL_PARAMETERS (alat=  5.55000000)
   1.057994052   0.030979189   0.000000000
  -0.501913298   0.908252810   0.000000000
   0.000000000   0.000000000  10.000000000
--
CELL_PARAMETERS (alat=  5.55000000)
   1.056354963   0.045258274   0.000000000
  -0.488643969   0.906892631   0.000000000
   0.000000000   0.000000000  10.000000000
--
CELL_PARAMETERS (alat=  5.55000000)
   1.055011195   0.045337346   0.000000000
  -0.487871068   0.907876958   0.000000000
   0.000000000   0.000000000  10.000000000
--
CELL_PARAMETERS (alat=  5.55000000)
   1.053437334   0.046519366   0.000000000
  -0.485993111   0.908738274   0.000000000
   0.000000000   0.000000000  10.000000000
--
CELL_PARAMETERS (alat=  5.55000000)
   1.051130718   0.048515064   0.000000000
  -0.482995978   0.909701484   0.000000000
   0.000000000   0.000000000  10.000000000
--
CELL_PARAMETERS (alat=  5.55000000)
   1.047743909   0.052161345   0.000000000
  -0.477964337   0.910567705   0.000000000
   0.000000000   0.000000000  10.000000000
--
CELL_PARAMETERS (alat=  5.55000000)
   1.042331637   0.054115140   0.000000000
  -0.473218096   0.912259872   0.000000000
   0.000000000   0.000000000  10.000000000
--
CELL_PARAMETERS (alat=  5.55000000)
   1.036759237   0.056573780   0.000000000
  -0.467893942   0.912936974   0.000000000
   0.000000000   0.000000000  10.000000000
--
CELL_PARAMETERS (alat=  5.55000000)
   1.034128481   0.049803464   0.000000000
  -0.472161273   0.913078939   0.000000000
   0.000000000   0.000000000  10.000000000
--
CELL_PARAMETERS (alat=  5.55000000)
   1.034034120   0.038575180   0.000000000
  -0.481528698   0.912886623   0.000000000
   0.000000000   0.000000000  10.000000000
--
CELL_PARAMETERS (alat=  5.55000000)
   1.039972457   0.018444563   0.000000000
  -0.501801810   0.914212746   0.000000000
   0.000000000   0.000000000  10.000000000
--
CELL_PARAMETERS (alat=  5.55000000)
   1.043209392   0.012189256   0.000000000
  -0.508513498   0.916830698   0.000000000
   0.000000000   0.000000000  10.000000000
--
CELL_PARAMETERS (alat=  5.55000000)
   1.050277338   0.002354022   0.000000000
  -0.520437679   0.922183850   0.000000000
   0.000000000   0.000000000  10.000000000
--
CELL_PARAMETERS (alat=  5.55000000)
   1.055584637  -0.007546267   0.000000000
  -0.531321547   0.930005536   0.000000000
   0.000000000   0.000000000  10.000000000
--
CELL_PARAMETERS (alat=  5.55000000)
   1.059829723  -0.015087475   0.000000000
  -0.539641719   0.937050082   0.000000000
   0.000000000   0.000000000  10.000000000
--
CELL_PARAMETERS (alat=  5.55000000)
   1.065293937  -0.022141983   0.000000000
  -0.547944673   0.945471179   0.000000000
   0.000000000   0.000000000  10.000000000
--
CELL_PARAMETERS (alat=  5.55000000)
   1.069265738  -0.023760737   0.000000000
  -0.550957432   0.947946776   0.000000000
   0.000000000   0.000000000  10.000000000
--
CELL_PARAMETERS (alat=  5.55000000)
   1.070397977  -0.018013403   0.000000000
  -0.546231848   0.944870879   0.000000000
   0.000000000   0.000000000  10.000000000
--
CELL_PARAMETERS (alat=  5.55000000)
   1.067491085  -0.005923271   0.000000000
  -0.534403759   0.938338674   0.000000000
   0.000000000   0.000000000  10.000000000
--
CELL_PARAMETERS (alat=  5.55000000)
   1.066855461  -0.003346829   0.000000000
  -0.531902091   0.935488521   0.000000000
   0.000000000   0.000000000  10.000000000
--
CELL_PARAMETERS (alat=  5.55000000)
   1.066998128  -0.001096601   0.000000000
  -0.530057992   0.934318419   0.000000000
   0.000000000   0.000000000  10.000000000
--
CELL_PARAMETERS (alat=  5.55000000)
   1.067819593   0.001074165   0.000000000
  -0.528601148   0.933423500   0.000000000
   0.000000000   0.000000000  10.000000000
--
CELL_PARAMETERS (alat=  5.55000000)
   1.068431561   0.000161178   0.000000000
  -0.529668837   0.933339067   0.000000000
   0.000000000   0.000000000  10.000000000
--
CELL_PARAMETERS (alat=  5.55000000)
   1.069397428  -0.001384905   0.000000000
  -0.531455013   0.932557140   0.000000000
   0.000000000   0.000000000  10.000000000
--
CELL_PARAMETERS (alat=  5.55000000)
   1.069996138  -0.002825223   0.000000000
  -0.532975314   0.931336549   0.000000000
   0.000000000   0.000000000  10.000000000
--
CELL_PARAMETERS (alat=  5.55000000)
   1.070291113  -0.003287788   0.000000000
  -0.533525931   0.930205308   0.000000000
   0.000000000   0.000000000  10.000000000
--
CELL_PARAMETERS (alat=  5.55000000)
   1.070291113  -0.003287788   0.000000000
  -0.533525931   0.930205308   0.000000000
   0.000000000   0.000000000  10.000000000
