CELL_PARAMETERS (alat=  5.55000000)
   1.041903833  -0.000000000   0.000000000
  -0.520951916   0.902315187   0.000000000
   0.000000000   0.000000000  10.000000000
--
CELL_PARAMETERS (alat=  5.55000000)
   1.044557439  -0.000000000   0.000000000
  -0.522278719   0.904613277   0.000000000
   0.000000000   0.000000000  10.000000000
--
CELL_PARAMETERS (alat=  5.55000000)
   1.046273474  -0.000000000   0.000000000
  -0.523136736   0.906099407   0.000000000
   0.000000000   0.000000000  10.000000000
--
CELL_PARAMETERS (alat=  5.55000000)
   1.046840057  -0.000000000   0.000000000
  -0.523420028   0.906590082   0.000000000
   0.000000000   0.000000000  10.000000000
--
CELL_PARAMETERS (alat=  5.55000000)
   1.046233199  -0.000000000   0.000000000
  -0.523116599   0.906064528   0.000000000
   0.000000000   0.000000000  10.000000000
--
CELL_PARAMETERS (alat=  5.55000000)
   1.044626019  -0.000000000   0.000000000
  -0.522313009   0.904672669   0.000000000
   0.000000000   0.000000000  10.000000000
--
CELL_PARAMETERS (alat=  5.55000000)
   1.041514139  -0.000000000   0.000000000
  -0.520757069   0.901977703   0.000000000
   0.000000000   0.000000000  10.000000000
--
CELL_PARAMETERS (alat=  5.55000000)
   1.041200632  -0.000000000   0.000000000
  -0.520600316   0.901706197   0.000000000
   0.000000000   0.000000000  10.000000000
--
CELL_PARAMETERS (alat=  5.55000000)
   1.040980697  -0.000000000   0.000000000
  -0.520490348   0.901515727   0.000000000
   0.000000000   0.000000000  10.000000000
--
CELL_PARAMETERS (alat=  5.55000000)
   1.040980697  -0.000000000   0.000000000
  -0.520490348   0.901515727   0.000000000
   0.000000000   0.000000000  10.000000000
