CELL_PARAMETERS (alat=  5.55000000)
   1.020154124   0.000167816   0.000000000
  -0.509931729   0.883353135   0.000000000
   0.000000000   0.000000000  10.000000000
--
CELL_PARAMETERS (alat=  5.55000000)
   0.997589286   0.000378956   0.000000000
  -0.498466439   0.863761987   0.000000000
   0.000000000   0.000000000  10.000000000
--
CELL_PARAMETERS (alat=  5.55000000)
   0.963859575   0.000558441   0.000000000
  -0.481446163   0.834358231   0.000000000
   0.000000000   0.000000000  10.000000000
--
CELL_PARAMETERS (alat=  5.55000000)
   0.913236057   0.001112799   0.000000000
  -0.455654280   0.790112319   0.000000000
   0.000000000   0.000000000  10.000000000
