#  E (eV)   dos(E)     Int dos(E) EFermi =   -0.478 eV
  -9.000 -0.3496E-80 -0.3496E-82
  -8.990 -0.3501E-80 -0.6997E-82
  -8.980 -0.3506E-80 -0.1050E-81
  -8.970 -0.3511E-80 -0.1401E-81
  -8.960 -0.3516E-80 -0.1753E-81
  -8.950 -0.3521E-80 -0.2105E-81
  -8.940 -0.3526E-80 -0.2458E-81
  -8.930 -0.3531E-80 -0.2811E-81
  -8.920 -0.3536E-80 -0.3164E-81
  -8.910 -0.3541E-80 -0.3518E-81
  -8.900 -0.3546E-80 -0.3873E-81
  -8.890 -0.3551E-80 -0.4228E-81
  -8.880 -0.3556E-80 -0.4584E-81
  -8.870 -0.3561E-80 -0.4940E-81
  -8.860 -0.3566E-80 -0.5296E-81
  -8.850 -0.3571E-80 -0.5653E-81
  -8.840 -0.3576E-80 -0.6011E-81
  -8.830 -0.3581E-80 -0.6369E-81
  -8.820 -0.3586E-80 -0.6728E-81
  -8.810 -0.3591E-80 -0.7087E-81
  -8.800 -0.3596E-80 -0.7446E-81
  -8.790 -0.3601E-80 -0.7807E-81
  -8.780 -0.3606E-80 -0.8167E-81
  -8.770 -0.3611E-80 -0.8528E-81
  -8.760 -0.3616E-80 -0.8890E-81
  -8.750 -0.3621E-80 -0.9252E-81
  -8.740 -0.3626E-80 -0.9615E-81
  -8.730 -0.3631E-80 -0.9978E-81
  -8.720 -0.3636E-80 -0.1034E-80
  -8.710 -0.3641E-80 -0.1071E-80
  -8.700 -0.3646E-80 -0.1107E-80
  -8.690 -0.3651E-80 -0.1144E-80
  -8.680 -0.3656E-80 -0.1180E-80
  -8.670 -0.3661E-80 -0.1217E-80
  -8.660 -0.3666E-80 -0.1253E-80
  -8.650 -0.3671E-80 -0.1290E-80
  -8.640 -0.3676E-80 -0.1327E-80
  -8.630 -0.3681E-80 -0.1364E-80
  -8.620 -0.3686E-80 -0.1400E-80
  -8.610 -0.3691E-80 -0.1437E-80
  -8.600 -0.3696E-80 -0.1474E-80
  -8.590 -0.3701E-80 -0.1511E-80
  -8.580 -0.3706E-80 -0.1548E-80
  -8.570 -0.3711E-80 -0.1586E-80
  -8.560 -0.3716E-80 -0.1623E-80
  -8.550 -0.3721E-80 -0.1660E-80
  -8.540 -0.3726E-80 -0.1697E-80
  -8.530 -0.3731E-80 -0.1735E-80
  -8.520 -0.3736E-80 -0.1772E-80
  -8.510 -0.3741E-80 -0.1809E-80
  -8.500 -0.3746E-80 -0.1847E-80
  -8.490 -0.3751E-80 -0.1884E-80
  -8.480 -0.3756E-80 -0.1922E-80
  -8.470 -0.3761E-80 -0.1959E-80
  -8.460 -0.3766E-80 -0.1997E-80
  -8.450 -0.3771E-80 -0.2035E-80
  -8.440 -0.3776E-80 -0.2073E-80
  -8.430 -0.3781E-80 -0.2110E-80
  -8.420 -0.3786E-80 -0.2148E-80
  -8.410 -0.3791E-80 -0.2186E-80
  -8.400 -0.3796E-80 -0.2224E-80
  -8.390 -0.3801E-80 -0.2262E-80
  -8.380 -0.3806E-80 -0.2300E-80
  -8.370 -0.3811E-80 -0.2338E-80
  -8.360 -0.3816E-80 -0.2376E-80
  -8.350 -0.3821E-80 -0.2415E-80
  -8.340 -0.3826E-80 -0.2453E-80
  -8.330 -0.3193E-80 -0.2485E-80
  -8.320  0.2220E-72  0.2220E-74
  -8.310  0.2614E-64  0.2614E-66
  -8.300  0.1043E-56  0.1043E-58
  -8.290  0.1408E-49  0.1408E-51
  -8.280  0.6438E-43  0.6438E-45
  -8.270  0.9965E-37  0.9965E-39
  -8.260  0.5221E-31  0.5221E-33
  -8.250  0.9254E-26  0.9254E-28
  -8.240  0.5549E-21  0.5549E-23
  -8.230  0.1125E-16  0.1125E-18
  -8.220  0.7705E-13  0.7706E-15
  -8.210  0.1782E-09  0.1782E-11
  -8.200  0.1389E-06  0.1390E-08
  -8.190  0.3642E-04  0.3656E-06
  -8.180  0.3212E-02  0.3248E-04
  -8.170  0.9537E-01  0.9862E-03
  -8.160  0.9632E+00  0.1062E-01
  -8.150  0.3398E+01  0.4459E-01
  -8.140  0.4394E+01  0.8853E-01
  -8.130  0.2418E+01  0.1127E+00
  -8.120  0.1659E+01  0.1293E+00
  -8.110  0.2268E+01  0.1520E+00
  -8.100  0.1362E+01  0.1656E+00
  -8.090  0.9443E+00  0.1750E+00
  -8.080  0.8047E+00  0.1831E+00
  -8.070  0.1771E+01  0.2008E+00
  -8.060  0.2066E+01  0.2215E+00
  -8.050  0.4818E+00  0.2263E+00
  -8.040  0.7977E+00  0.2343E+00
  -8.030  0.9023E+00  0.2433E+00
  -8.020  0.2097E+00  0.2454E+00
  -8.010  0.1222E+01  0.2576E+00
  -8.000  0.2386E+01  0.2815E+00
  -7.990  0.8457E+00  0.2899E+00
  -7.980 -0.6874E-01  0.2892E+00
  -7.970  0.8362E+00  0.2976E+00
  -7.960  0.1068E+01  0.3083E+00
  -7.950  0.1191E+00  0.3095E+00
  -7.940  0.1077E+00  0.3105E+00
  -7.930  0.1409E+01  0.3246E+00
  -7.920  0.2391E+01  0.3485E+00
  -7.910  0.7198E+00  0.3557E+00
  -7.900 -0.5153E-01  0.3552E+00
  -7.890  0.1911E+01  0.3743E+00
  -7.880  0.5355E+01  0.4279E+00
  -7.870  0.4424E+01  0.4721E+00
  -7.860  0.1620E+01  0.4883E+00
  -7.850  0.1686E+01  0.5052E+00
  -7.840  0.1791E+01  0.5231E+00
  -7.830  0.3351E+01  0.5566E+00
  -7.820  0.2729E+01  0.5839E+00
  -7.810  0.9743E+00  0.5936E+00
  -7.800  0.6571E+00  0.6002E+00
  -7.790  0.1238E+01  0.6126E+00
  -7.780  0.1800E+01  0.6306E+00
  -7.770  0.1243E+01  0.6430E+00
  -7.760  0.1037E+01  0.6534E+00
  -7.750  0.1127E+01  0.6647E+00
  -7.740  0.1382E+01  0.6785E+00
  -7.730  0.2383E+01  0.7023E+00
  -7.720  0.2193E+01  0.7242E+00
  -7.710  0.5313E+00  0.7296E+00
  -7.700  0.2060E+00  0.7316E+00
  -7.690  0.1369E+01  0.7453E+00
  -7.680  0.1810E+01  0.7634E+00
  -7.670  0.1582E+01  0.7792E+00
  -7.660  0.1168E+01  0.7909E+00
  -7.650  0.2561E+00  0.7935E+00
  -7.640 -0.1512E+00  0.7920E+00
  -7.630  0.2571E+00  0.7945E+00
  -7.620  0.1760E+01  0.8121E+00
  -7.610  0.3853E+01  0.8507E+00
  -7.600  0.3021E+01  0.8809E+00
  -7.590  0.3010E+00  0.8839E+00
  -7.580 -0.3777E+00  0.8801E+00
  -7.570 -0.9025E-01  0.8792E+00
  -7.560  0.2863E-01  0.8795E+00
  -7.550  0.4049E+00  0.8835E+00
  -7.540  0.1631E+01  0.8998E+00
  -7.530  0.2390E+01  0.9237E+00
  -7.520  0.1754E+01  0.9413E+00
  -7.510  0.1331E+01  0.9546E+00
  -7.500  0.1128E+01  0.9659E+00
  -7.490  0.4556E+00  0.9704E+00
  -7.480  0.5144E+00  0.9756E+00
  -7.470  0.1192E+01  0.9875E+00
  -7.460  0.7821E+00  0.9953E+00
  -7.450  0.9870E+00  0.1005E+01
  -7.440  0.7810E+00  0.1013E+01
  -7.430  0.1706E+00  0.1015E+01
  -7.420  0.1054E+01  0.1025E+01
  -7.410  0.2002E+01  0.1045E+01
  -7.400  0.1623E+01  0.1061E+01
  -7.390  0.1183E+01  0.1073E+01
  -7.380  0.7848E+00  0.1081E+01
  -7.370  0.7716E+00  0.1089E+01
  -7.360  0.1047E+01  0.1099E+01
  -7.350  0.4129E+00  0.1103E+01
  -7.340  0.8617E+00  0.1112E+01
  -7.330  0.1006E+01  0.1122E+01
  -7.320  0.3256E+00  0.1125E+01
  -7.310  0.9216E+00  0.1135E+01
  -7.300  0.1275E+01  0.1147E+01
  -7.290  0.1664E+01  0.1164E+01
  -7.280  0.2480E+01  0.1189E+01
  -7.270  0.1500E+01  0.1204E+01
  -7.260  0.6912E+00  0.1211E+01
  -7.250 -0.4406E-01  0.1210E+01
  -7.240 -0.1274E+00  0.1209E+01
  -7.230  0.2606E-01  0.1209E+01
  -7.220  0.4587E+00  0.1214E+01
  -7.210  0.1784E+01  0.1232E+01
  -7.200  0.3482E+01  0.1267E+01
  -7.190  0.3176E+01  0.1298E+01
  -7.180  0.3607E+00  0.1302E+01
  -7.170 -0.3935E+00  0.1298E+01
  -7.160  0.2498E+00  0.1300E+01
  -7.150  0.1182E+01  0.1312E+01
  -7.140  0.1684E+01  0.1329E+01
  -7.130  0.2148E+01  0.1351E+01
  -7.120  0.1736E+01  0.1368E+01
  -7.110  0.1290E+01  0.1381E+01
  -7.100  0.3421E+01  0.1415E+01
  -7.090  0.5232E+01  0.1467E+01
  -7.080  0.4203E+01  0.1509E+01
  -7.070  0.2777E+01  0.1537E+01
  -7.060  0.1733E+01  0.1555E+01
  -7.050  0.1078E+01  0.1565E+01
  -7.040  0.1010E+01  0.1575E+01
  -7.030  0.1476E+01  0.1590E+01
  -7.020  0.1273E+01  0.1603E+01
  -7.010  0.4064E+00  0.1607E+01
  -7.000  0.1111E+00  0.1608E+01
  -6.990  0.1278E+01  0.1621E+01
  -6.980  0.2440E+01  0.1645E+01
  -6.970  0.2243E+01  0.1668E+01
  -6.960  0.1799E+01  0.1686E+01
  -6.950  0.9172E+00  0.1695E+01
  -6.940 -0.3551E-01  0.1694E+01
  -6.930  0.2613E+00  0.1697E+01
  -6.920  0.1286E+01  0.1710E+01
  -6.910  0.1606E+01  0.1726E+01
  -6.900  0.1103E+01  0.1737E+01
  -6.890  0.3731E+00  0.1741E+01
  -6.880  0.9857E+00  0.1751E+01
  -6.870  0.2129E+01  0.1772E+01
  -6.860  0.2154E+01  0.1793E+01
  -6.850  0.1125E+01  0.1805E+01
  -6.840  0.1238E-01  0.1805E+01
  -6.830  0.3161E+00  0.1808E+01
  -6.820  0.1216E+01  0.1820E+01
  -6.810  0.1154E+01  0.1832E+01
  -6.800  0.1601E+01  0.1848E+01
  -6.790  0.2289E+01  0.1871E+01
  -6.780  0.1735E+01  0.1888E+01
  -6.770  0.8698E+00  0.1897E+01
  -6.760  0.1048E+01  0.1907E+01
  -6.750  0.1856E+01  0.1926E+01
  -6.740  0.2368E+01  0.1949E+01
  -6.730  0.1449E+01  0.1964E+01
  -6.720  0.8723E+00  0.1973E+01
  -6.710  0.9847E+00  0.1982E+01
  -6.700  0.9385E+00  0.1992E+01
  -6.690  0.9241E+00  0.2001E+01
  -6.680  0.5239E-01  0.2002E+01
  -6.670 -0.1320E+00  0.2000E+01
  -6.660 -0.2180E-01  0.2000E+01
  -6.650 -0.8847E-03  0.2000E+01
  -6.640 -0.1074E-04  0.2000E+01
  -6.630 -0.4133E-07  0.2000E+01
  -6.620 -0.5174E-10  0.2000E+01
  -6.610 -0.2134E-13  0.2000E+01
  -6.600  0.1184E-12  0.2000E+01
  -6.590  0.2449E-09  0.2000E+01
  -6.580  0.1691E-06  0.2000E+01
  -6.570  0.3876E-04  0.2000E+01
  -6.560  0.2926E-02  0.2000E+01
  -6.550  0.7214E-01  0.2001E+01
  -6.540  0.5845E+00  0.2007E+01
  -6.530  0.1725E+01  0.2024E+01
  -6.520  0.2594E+01  0.2050E+01
  -6.510  0.2191E+01  0.2072E+01
  -6.500  0.1465E+01  0.2086E+01
  -6.490  0.3498E+01  0.2121E+01
  -6.480  0.8180E+01  0.2203E+01
  -6.470  0.1520E+02  0.2355E+01
  -6.460  0.1865E+02  0.2542E+01
  -6.450  0.1327E+02  0.2674E+01
  -6.440  0.6577E+01  0.2740E+01
  -6.430  0.4244E+01  0.2783E+01
  -6.420  0.4077E+01  0.2823E+01
  -6.410  0.4341E+01  0.2867E+01
  -6.400  0.6337E+01  0.2930E+01
  -6.390  0.4729E+01  0.2977E+01
  -6.380  0.1948E+01  0.2997E+01
  -6.370  0.2207E+01  0.3019E+01
  -6.360  0.4010E+01  0.3059E+01
  -6.350  0.4346E+01  0.3103E+01
  -6.340  0.3269E+01  0.3135E+01
  -6.330  0.2289E+01  0.3158E+01
  -6.320  0.2132E+01  0.3179E+01
  -6.310  0.3240E+01  0.3212E+01
  -6.300  0.4324E+01  0.3255E+01
  -6.290  0.3676E+01  0.3292E+01
  -6.280  0.3167E+01  0.3324E+01
  -6.270  0.3973E+01  0.3363E+01
  -6.260  0.4659E+01  0.3410E+01
  -6.250  0.3951E+01  0.3449E+01
  -6.240  0.6402E+01  0.3513E+01
  -6.230  0.5965E+01  0.3573E+01
  -6.220  0.5198E+01  0.3625E+01
  -6.210  0.5837E+01  0.3683E+01
  -6.200  0.3301E+01  0.3716E+01
  -6.190  0.1390E+01  0.3730E+01
  -6.180  0.2065E+01  0.3751E+01
  -6.170  0.3577E+01  0.3787E+01
  -6.160  0.7332E+01  0.3860E+01
  -6.150  0.8365E+01  0.3944E+01
  -6.140  0.4826E+01  0.3992E+01
  -6.130  0.4624E+01  0.4038E+01
  -6.120  0.5347E+01  0.4092E+01
  -6.110  0.4704E+01  0.4139E+01
  -6.100  0.3028E+01  0.4169E+01
  -6.090  0.2579E+01  0.4195E+01
  -6.080  0.2746E+01  0.4222E+01
  -6.070  0.2849E+01  0.4251E+01
  -6.060  0.5717E+01  0.4308E+01
  -6.050  0.5620E+01  0.4364E+01
  -6.040  0.2598E+01  0.4390E+01
  -6.030  0.2441E+01  0.4414E+01
  -6.020  0.2961E+01  0.4444E+01
  -6.010  0.2092E+01  0.4465E+01
  -6.000  0.2939E+01  0.4494E+01
  -5.990  0.4342E+01  0.4538E+01
  -5.980  0.3319E+01  0.4571E+01
  -5.970  0.2827E+01  0.4599E+01
  -5.960  0.4219E+01  0.4641E+01
  -5.950  0.6461E+01  0.4706E+01
  -5.940  0.5205E+01  0.4758E+01
  -5.930  0.2011E+01  0.4778E+01
  -5.920  0.1372E+01  0.4792E+01
  -5.910  0.2040E+01  0.4812E+01
  -5.900  0.9925E+00  0.4822E+01
  -5.890  0.1580E+01  0.4838E+01
  -5.880  0.4171E+01  0.4880E+01
  -5.870  0.5493E+01  0.4935E+01
  -5.860  0.2045E+01  0.4955E+01
  -5.850  0.3094E+00  0.4958E+01
  -5.840  0.2071E+01  0.4979E+01
  -5.830  0.1753E+01  0.4996E+01
  -5.820  0.1878E+01  0.5015E+01
  -5.810  0.4701E+01  0.5062E+01
  -5.800  0.5044E+01  0.5113E+01
  -5.790  0.2960E+01  0.5142E+01
  -5.780  0.5276E+01  0.5195E+01
  -5.770  0.9064E+01  0.5286E+01
  -5.760  0.8190E+01  0.5368E+01
  -5.750  0.6455E+01  0.5432E+01
  -5.740  0.5004E+01  0.5482E+01
  -5.730  0.6707E+01  0.5549E+01
  -5.720  0.6663E+01  0.5616E+01
  -5.710  0.6531E+01  0.5681E+01
  -5.700  0.5103E+01  0.5732E+01
  -5.690  0.1138E+01  0.5744E+01
  -5.680 -0.1181E+00  0.5742E+01
  -5.670  0.1330E+01  0.5756E+01
  -5.660  0.2520E+01  0.5781E+01
  -5.650  0.1634E+01  0.5797E+01
  -5.640  0.1336E+01  0.5811E+01
  -5.630  0.1214E+01  0.5823E+01
  -5.620  0.5842E+00  0.5829E+01
  -5.610  0.1154E+01  0.5840E+01
  -5.600  0.2541E+01  0.5866E+01
  -5.590  0.1918E+01  0.5885E+01
  -5.580  0.1847E+01  0.5903E+01
  -5.570  0.1377E+01  0.5917E+01
  -5.560  0.1475E+01  0.5932E+01
  -5.550  0.3403E+01  0.5966E+01
  -5.540  0.2273E+01  0.5988E+01
  -5.530  0.9154E+00  0.5998E+01
  -5.520  0.1215E+01  0.6010E+01
  -5.510  0.2164E+01  0.6031E+01
  -5.500  0.2387E+01  0.6055E+01
  -5.490  0.2131E+01  0.6077E+01
  -5.480  0.3471E+01  0.6111E+01
  -5.470  0.3920E+01  0.6151E+01
  -5.460  0.2263E+01  0.6173E+01
  -5.450  0.6980E+00  0.6180E+01
  -5.440  0.4586E+00  0.6185E+01
  -5.430  0.1076E+01  0.6195E+01
  -5.420  0.4406E+00  0.6200E+01
  -5.410 -0.1315E+00  0.6199E+01
  -5.400  0.1783E+00  0.6200E+01
  -5.390  0.1210E+01  0.6212E+01
  -5.380  0.2466E+01  0.6237E+01
  -5.370  0.2701E+01  0.6264E+01
  -5.360  0.2953E+01  0.6294E+01
  -5.350  0.4653E+01  0.6340E+01
  -5.340  0.5424E+01  0.6394E+01
  -5.330  0.3997E+01  0.6434E+01
  -5.320  0.1756E+01  0.6452E+01
  -5.310  0.1964E+01  0.6472E+01
  -5.300  0.4429E+01  0.6516E+01
  -5.290  0.5449E+01  0.6570E+01
  -5.280  0.2571E+01  0.6596E+01
  -5.270  0.1379E+01  0.6610E+01
  -5.260  0.3088E+01  0.6641E+01
  -5.250  0.4698E+01  0.6688E+01
  -5.240  0.5422E+01  0.6742E+01
  -5.230  0.8194E+01  0.6824E+01
  -5.220  0.1183E+02  0.6942E+01
  -5.210  0.9479E+01  0.7037E+01
  -5.200  0.3508E+01  0.7072E+01
  -5.190  0.5813E+00  0.7078E+01
  -5.180  0.7779E+00  0.7086E+01
  -5.170  0.1649E+01  0.7102E+01
  -5.160  0.2396E+01  0.7126E+01
  -5.150  0.2528E+01  0.7151E+01
  -5.140  0.1788E+01  0.7169E+01
  -5.130  0.5850E+00  0.7175E+01
  -5.120  0.9841E+00  0.7185E+01
  -5.110  0.5921E+00  0.7191E+01
  -5.100  0.7593E+00  0.7198E+01
  -5.090  0.1499E+01  0.7213E+01
  -5.080  0.2296E+01  0.7236E+01
  -5.070  0.3560E+01  0.7272E+01
  -5.060  0.2521E+01  0.7297E+01
  -5.050  0.6131E+00  0.7303E+01
  -5.040  0.6387E+00  0.7310E+01
  -5.030  0.9759E+00  0.7320E+01
  -5.020  0.2607E+00  0.7322E+01
  -5.010  0.7199E+00  0.7329E+01
  -5.000  0.1128E+01  0.7341E+01
  -4.990  0.4024E+00  0.7345E+01
  -4.980  0.1186E+01  0.7357E+01
  -4.970  0.2424E+01  0.7381E+01
  -4.960  0.1181E+01  0.7393E+01
  -4.950  0.1215E+01  0.7405E+01
  -4.940  0.2173E+01  0.7426E+01
  -4.930  0.2294E+01  0.7449E+01
  -4.920  0.5600E+01  0.7505E+01
  -4.910  0.8949E+01  0.7595E+01
  -4.900  0.8189E+01  0.7677E+01
  -4.890  0.6461E+01  0.7741E+01
  -4.880  0.6409E+01  0.7805E+01
  -4.870  0.6487E+01  0.7870E+01
  -4.860  0.6332E+01  0.7934E+01
  -4.850  0.9113E+01  0.8025E+01
  -4.840  0.1505E+02  0.8175E+01
  -4.830  0.1150E+02  0.8290E+01
  -4.820  0.1761E+01  0.8308E+01
  -4.810  0.1497E+01  0.8323E+01
  -4.800  0.5044E+01  0.8373E+01
  -4.790  0.6947E+01  0.8443E+01
  -4.780  0.5806E+01  0.8501E+01
  -4.770  0.4207E+01  0.8543E+01
  -4.760  0.3849E+01  0.8581E+01
  -4.750  0.2448E+01  0.8606E+01
  -4.740  0.2516E+01  0.8631E+01
  -4.730  0.1495E+01  0.8646E+01
  -4.720  0.1987E+01  0.8666E+01
  -4.710  0.5530E+01  0.8721E+01
  -4.700  0.7541E+01  0.8797E+01
  -4.690  0.4563E+01  0.8842E+01
  -4.680  0.5552E+00  0.8848E+01
  -4.670  0.1820E+01  0.8866E+01
  -4.660  0.4400E+01  0.8910E+01
  -4.650  0.4150E+01  0.8951E+01
  -4.640  0.3779E+01  0.8989E+01
  -4.630  0.2580E+01  0.9015E+01
  -4.620  0.1353E+01  0.9029E+01
  -4.610  0.3030E+01  0.9059E+01
  -4.600  0.4873E+01  0.9108E+01
  -4.590  0.3968E+01  0.9147E+01
  -4.580  0.1848E+01  0.9166E+01
  -4.570  0.2557E+01  0.9191E+01
  -4.560  0.2153E+01  0.9213E+01
  -4.550  0.9538E+00  0.9222E+01
  -4.540  0.1691E+01  0.9239E+01
  -4.530  0.2596E+01  0.9265E+01
  -4.520  0.3148E+01  0.9297E+01
  -4.510  0.2994E+01  0.9327E+01
  -4.500  0.1677E+01  0.9343E+01
  -4.490  0.1277E+01  0.9356E+01
  -4.480  0.3651E+01  0.9393E+01
  -4.470  0.4089E+01  0.9434E+01
  -4.460  0.2310E+01  0.9457E+01
  -4.450  0.3081E+01  0.9488E+01
  -4.440  0.1606E+01  0.9504E+01
  -4.430  0.9899E+00  0.9514E+01
  -4.420  0.2155E+01  0.9535E+01
  -4.410  0.1998E+01  0.9555E+01
  -4.400  0.2959E+01  0.9585E+01
  -4.390  0.5760E+01  0.9642E+01
  -4.380  0.5436E+01  0.9697E+01
  -4.370  0.1968E+01  0.9716E+01
  -4.360  0.1805E+01  0.9734E+01
  -4.350  0.1190E+01  0.9746E+01
  -4.340  0.9489E+00  0.9756E+01
  -4.330  0.1202E+01  0.9768E+01
  -4.320  0.2652E+01  0.9794E+01
  -4.310  0.3261E+01  0.9827E+01
  -4.300  0.1513E+01  0.9842E+01
  -4.290  0.1896E+01  0.9861E+01
  -4.280  0.1106E+01  0.9872E+01
  -4.270  0.1772E+00  0.9874E+01
  -4.260  0.1838E+01  0.9892E+01
  -4.250  0.3414E+01  0.9926E+01
  -4.240  0.1831E+01  0.9945E+01
  -4.230  0.1798E+01  0.9963E+01
  -4.220  0.3598E+01  0.9999E+01
  -4.210  0.3254E+01  0.1003E+02
  -4.200  0.2447E+01  0.1006E+02
  -4.190  0.2675E+01  0.1008E+02
  -4.180  0.2685E+01  0.1011E+02
  -4.170  0.1214E+01  0.1012E+02
  -4.160  0.1703E+01  0.1014E+02
  -4.150  0.2188E+01  0.1016E+02
  -4.140  0.2770E+01  0.1019E+02
  -4.130  0.4724E+01  0.1024E+02
  -4.120  0.3095E+01  0.1027E+02
  -4.110  0.3605E+00  0.1027E+02
  -4.100  0.5014E+00  0.1027E+02
  -4.090  0.2687E+01  0.1030E+02
  -4.080  0.3392E+01  0.1034E+02
  -4.070  0.2860E+01  0.1036E+02
  -4.060  0.1518E+01  0.1038E+02
  -4.050  0.8318E+00  0.1039E+02
  -4.040  0.2917E+01  0.1042E+02
  -4.030  0.3627E+01  0.1045E+02
  -4.020  0.2182E+01  0.1047E+02
  -4.010  0.2475E+01  0.1050E+02
  -4.000  0.4049E+01  0.1054E+02
  -3.990  0.3272E+01  0.1057E+02
  -3.980  0.5500E+00  0.1058E+02
  -3.970  0.5714E+00  0.1058E+02
  -3.960  0.3003E+01  0.1061E+02
  -3.950  0.6225E+01  0.1068E+02
  -3.940  0.7786E+01  0.1075E+02
  -3.930  0.6587E+01  0.1082E+02
  -3.920  0.6512E+01  0.1089E+02
  -3.910  0.5951E+01  0.1094E+02
  -3.900  0.4156E+01  0.1099E+02
  -3.890  0.5915E+01  0.1105E+02
  -3.880  0.6189E+01  0.1111E+02
  -3.870  0.5112E+01  0.1116E+02
  -3.860  0.5318E+01  0.1121E+02
  -3.850  0.5451E+01  0.1127E+02
  -3.840  0.6069E+01  0.1133E+02
  -3.830  0.3876E+01  0.1137E+02
  -3.820  0.3242E+00  0.1137E+02
  -3.810 -0.3114E+00  0.1137E+02
  -3.800  0.8749E+00  0.1137E+02
  -3.790  0.2326E+01  0.1140E+02
  -3.780  0.1270E+01  0.1141E+02
  -3.770 -0.1061E+00  0.1141E+02
  -3.760  0.6580E+00  0.1142E+02
  -3.750  0.2150E+01  0.1144E+02
  -3.740  0.1586E+01  0.1145E+02
  -3.730  0.6366E-01  0.1145E+02
  -3.720  0.5399E+00  0.1146E+02
  -3.710  0.1796E+01  0.1148E+02
  -3.700  0.1655E+01  0.1149E+02
  -3.690  0.4798E+00  0.1150E+02
  -3.680  0.9074E+00  0.1151E+02
  -3.670  0.2673E+01  0.1153E+02
  -3.660  0.2241E+01  0.1156E+02
  -3.650  0.6591E+00  0.1156E+02
  -3.640 -0.1464E+00  0.1156E+02
  -3.630  0.6753E-01  0.1156E+02
  -3.620  0.9982E+00  0.1157E+02
  -3.610  0.2036E+01  0.1159E+02
  -3.600  0.2311E+01  0.1162E+02
  -3.590  0.1829E+01  0.1163E+02
  -3.580  0.1936E+01  0.1165E+02
  -3.570  0.1890E+01  0.1167E+02
  -3.560  0.5334E+00  0.1168E+02
  -3.550  0.1299E+01  0.1169E+02
  -3.540  0.2097E+01  0.1171E+02
  -3.530  0.1833E+01  0.1173E+02
  -3.520  0.2957E+01  0.1176E+02
  -3.510  0.4130E+01  0.1180E+02
  -3.500  0.4018E+01  0.1184E+02
  -3.490  0.2469E+01  0.1187E+02
  -3.480  0.2175E+01  0.1189E+02
  -3.470  0.2539E+01  0.1191E+02
  -3.460  0.3898E+01  0.1195E+02
  -3.450  0.4323E+01  0.1200E+02
  -3.440  0.1193E+01  0.1201E+02
  -3.430 -0.5241E+00  0.1200E+02
  -3.420 -0.1932E+00  0.1200E+02
  -3.410 -0.1472E-01  0.1200E+02
  -3.400 -0.3295E-03  0.1200E+02
  -3.390 -0.2335E-05  0.1200E+02
  -3.380 -0.5386E-08  0.1200E+02
  -3.370 -0.4100E-11  0.1200E+02
  -3.360 -0.1038E-14  0.1200E+02
  -3.350 -0.8783E-19  0.1200E+02
  -3.340 -0.2491E-23  0.1200E+02
  -3.330 -0.2373E-28  0.1200E+02
  -3.320 -0.7611E-34  0.1200E+02
  -3.310 -0.8225E-40  0.1200E+02
  -3.300 -0.2999E-46  0.1200E+02
  -3.290 -0.3691E-53  0.1200E+02
  -3.280 -0.1535E-60  0.1200E+02
  -3.270 -0.2158E-68  0.1200E+02
  -3.260 -0.1027E-76  0.1200E+02
  -3.250 -0.6377E-80  0.1200E+02
  -3.240 -0.6382E-80  0.1200E+02
  -3.230 -0.6387E-80  0.1200E+02
  -3.220 -0.6392E-80  0.1200E+02
  -3.210 -0.6397E-80  0.1200E+02
  -3.200 -0.6402E-80  0.1200E+02
  -3.190 -0.6407E-80  0.1200E+02
  -3.180 -0.6412E-80  0.1200E+02
  -3.170 -0.6417E-80  0.1200E+02
  -3.160 -0.6422E-80  0.1200E+02
  -3.150 -0.6427E-80  0.1200E+02
  -3.140 -0.6432E-80  0.1200E+02
  -3.130 -0.6437E-80  0.1200E+02
  -3.120 -0.6442E-80  0.1200E+02
  -3.110 -0.6447E-80  0.1200E+02
  -3.100 -0.6452E-80  0.1200E+02
  -3.090 -0.6457E-80  0.1200E+02
  -3.080 -0.6462E-80  0.1200E+02
  -3.070 -0.6467E-80  0.1200E+02
  -3.060 -0.6472E-80  0.1200E+02
  -3.050 -0.6477E-80  0.1200E+02
  -3.040 -0.6482E-80  0.1200E+02
  -3.030 -0.6487E-80  0.1200E+02
  -3.020 -0.6492E-80  0.1200E+02
  -3.010 -0.6497E-80  0.1200E+02
  -3.000 -0.6502E-80  0.1200E+02
  -2.990 -0.6507E-80  0.1200E+02
  -2.980 -0.6512E-80  0.1200E+02
  -2.970 -0.6517E-80  0.1200E+02
  -2.960 -0.6522E-80  0.1200E+02
  -2.950 -0.6527E-80  0.1200E+02
  -2.940 -0.6532E-80  0.1200E+02
  -2.930 -0.6537E-80  0.1200E+02
  -2.920 -0.6542E-80  0.1200E+02
  -2.910 -0.6547E-80  0.1200E+02
  -2.900 -0.6552E-80  0.1200E+02
  -2.890 -0.6557E-80  0.1200E+02
  -2.880 -0.6562E-80  0.1200E+02
  -2.870 -0.6567E-80  0.1200E+02
  -2.860 -0.6572E-80  0.1200E+02
  -2.850 -0.6577E-80  0.1200E+02
  -2.840 -0.6582E-80  0.1200E+02
  -2.830 -0.6587E-80  0.1200E+02
  -2.820 -0.6592E-80  0.1200E+02
  -2.810 -0.6597E-80  0.1200E+02
  -2.800 -0.6602E-80  0.1200E+02
  -2.790 -0.6607E-80  0.1200E+02
  -2.780 -0.6612E-80  0.1200E+02
  -2.770 -0.6617E-80  0.1200E+02
  -2.760 -0.6622E-80  0.1200E+02
  -2.750 -0.6627E-80  0.1200E+02
  -2.740 -0.6632E-80  0.1200E+02
  -2.730 -0.6637E-80  0.1200E+02
  -2.720 -0.6642E-80  0.1200E+02
  -2.710 -0.6647E-80  0.1200E+02
  -2.700 -0.6652E-80  0.1200E+02
  -2.690 -0.6657E-80  0.1200E+02
  -2.680 -0.6662E-80  0.1200E+02
  -2.670 -0.6667E-80  0.1200E+02
  -2.660 -0.6672E-80  0.1200E+02
  -2.650 -0.6677E-80  0.1200E+02
  -2.640 -0.6682E-80  0.1200E+02
  -2.630 -0.6687E-80  0.1200E+02
  -2.620 -0.6693E-80  0.1200E+02
  -2.610 -0.6698E-80  0.1200E+02
  -2.600 -0.6703E-80  0.1200E+02
  -2.590 -0.6708E-80  0.1200E+02
  -2.580 -0.6713E-80  0.1200E+02
  -2.570 -0.6718E-80  0.1200E+02
  -2.560 -0.6723E-80  0.1200E+02
  -2.550 -0.6728E-80  0.1200E+02
  -2.540 -0.6733E-80  0.1200E+02
  -2.530  0.5377E-78  0.1200E+02
  -2.520  0.1354E-69  0.1200E+02
  -2.510  0.1142E-61  0.1200E+02
  -2.500  0.3261E-54  0.1200E+02
  -2.490  0.3156E-47  0.1200E+02
  -2.480  0.1034E-40  0.1200E+02
  -2.470  0.1148E-34  0.1200E+02
  -2.460  0.4313E-29  0.1200E+02
  -2.450  0.5486E-24  0.1200E+02
  -2.440  0.2361E-19  0.1200E+02
  -2.430  0.3437E-15  0.1200E+02
  -2.420  0.1692E-11  0.1200E+02
  -2.410  0.2815E-08  0.1200E+02
  -2.400  0.1582E-05  0.1200E+02
  -2.390  0.2997E-03  0.1200E+02
  -2.380  0.1911E-01  0.1200E+02
  -2.370  0.4080E+00  0.1200E+02
  -2.360  0.2903E+01  0.1203E+02
  -2.350  0.6914E+01  0.1210E+02
  -2.340  0.5936E+01  0.1216E+02
  -2.330  0.2883E+01  0.1219E+02
  -2.320  0.2273E+01  0.1221E+02
  -2.310  0.1800E+01  0.1223E+02
  -2.300  0.1939E+01  0.1225E+02
  -2.290  0.1778E+01  0.1227E+02
  -2.280  0.1015E+01  0.1228E+02
  -2.270  0.2096E+01  0.1230E+02
  -2.260  0.1265E+01  0.1231E+02
  -2.250  0.5574E+00  0.1232E+02
  -2.240  0.1978E+01  0.1234E+02
  -2.230  0.1652E+01  0.1235E+02
  -2.220  0.1427E+00  0.1236E+02
  -2.210  0.8658E+00  0.1236E+02
  -2.200  0.2351E+01  0.1239E+02
  -2.190  0.1186E+01  0.1240E+02
  -2.180 -0.1506E+00  0.1240E+02
  -2.170  0.6489E+00  0.1240E+02
  -2.160  0.2202E+01  0.1243E+02
  -2.150  0.1604E+01  0.1244E+02
  -2.140 -0.2148E-01  0.1244E+02
  -2.130  0.3078E+00  0.1245E+02
  -2.120  0.1339E+01  0.1246E+02
  -2.110  0.1479E+01  0.1247E+02
  -2.100  0.1068E+01  0.1248E+02
  -2.090  0.4950E+00  0.1249E+02
  -2.080  0.9605E+00  0.1250E+02
  -2.070  0.8409E+00  0.1251E+02
  -2.060  0.2029E+00  0.1251E+02
  -2.050  0.1058E+01  0.1252E+02
  -2.040  0.1909E+01  0.1254E+02
  -2.030  0.1200E+01  0.1255E+02
  -2.020  0.4052E-01  0.1255E+02
  -2.010 -0.1003E+00  0.1255E+02
  -2.000  0.5748E+00  0.1256E+02
  -1.990  0.1854E+01  0.1257E+02
  -1.980  0.1847E+01  0.1259E+02
  -1.970  0.3192E+00  0.1260E+02
  -1.960 -0.5070E-01  0.1260E+02
  -1.950  0.7931E+00  0.1260E+02
  -1.940  0.1145E+01  0.1262E+02
  -1.930  0.3163E+00  0.1262E+02
  -1.920  0.5935E+00  0.1262E+02
  -1.910  0.1487E+01  0.1264E+02
  -1.900  0.1428E+01  0.1265E+02
  -1.890  0.7742E+00  0.1266E+02
  -1.880 -0.5316E-01  0.1266E+02
  -1.870  0.5521E-01  0.1266E+02
  -1.860  0.1451E+01  0.1268E+02
  -1.850  0.3976E+01  0.1272E+02
  -1.840  0.3849E+01  0.1275E+02
  -1.830  0.2669E+01  0.1278E+02
  -1.820  0.1492E+01  0.1280E+02
  -1.810  0.2749E+00  0.1280E+02
  -1.800  0.1232E+01  0.1281E+02
  -1.790  0.2411E+01  0.1283E+02
  -1.780  0.2286E+01  0.1286E+02
  -1.770  0.7612E+00  0.1287E+02
  -1.760  0.1098E+01  0.1288E+02
  -1.750  0.1831E+01  0.1289E+02
  -1.740  0.1311E+01  0.1291E+02
  -1.730  0.1310E+01  0.1292E+02
  -1.720  0.1715E+01  0.1294E+02
  -1.710  0.1062E+01  0.1295E+02
  -1.700  0.6906E+00  0.1296E+02
  -1.690  0.1203E+01  0.1297E+02
  -1.680  0.1225E+01  0.1298E+02
  -1.670  0.1861E+01  0.1300E+02
  -1.660  0.1449E+01  0.1301E+02
  -1.650  0.4657E+00  0.1302E+02
  -1.640  0.1350E+01  0.1303E+02
  -1.630  0.2016E+01  0.1305E+02
  -1.620  0.7146E+00  0.1306E+02
  -1.610  0.9462E-01  0.1306E+02
  -1.600  0.1203E+01  0.1307E+02
  -1.590  0.2427E+01  0.1310E+02
  -1.580  0.2363E+01  0.1312E+02
  -1.570  0.5689E+00  0.1312E+02
  -1.560 -0.2984E+00  0.1312E+02
  -1.550  0.3582E-01  0.1312E+02
  -1.540  0.1092E+01  0.1313E+02
  -1.530  0.3092E+01  0.1316E+02
  -1.520  0.2573E+01  0.1319E+02
  -1.510  0.3293E+00  0.1319E+02
  -1.500  0.7097E+00  0.1320E+02
  -1.490  0.1761E+01  0.1322E+02
  -1.480  0.3216E+01  0.1325E+02
  -1.470  0.4878E+01  0.1330E+02
  -1.460  0.2863E+01  0.1333E+02
  -1.450  0.8691E+00  0.1334E+02
  -1.440  0.1499E+01  0.1335E+02
  -1.430  0.2065E+01  0.1337E+02
  -1.420  0.3513E+01  0.1341E+02
  -1.410  0.4316E+01  0.1345E+02
  -1.400  0.2245E+01  0.1347E+02
  -1.390  0.1587E+01  0.1349E+02
  -1.380  0.1394E+01  0.1350E+02
  -1.370  0.1338E+01  0.1352E+02
  -1.360  0.1615E+01  0.1353E+02
  -1.350  0.1493E+01  0.1355E+02
  -1.340  0.1894E+01  0.1357E+02
  -1.330  0.3258E+01  0.1360E+02
  -1.320  0.3309E+01  0.1363E+02
  -1.310  0.2022E+01  0.1365E+02
  -1.300  0.1973E+01  0.1367E+02
  -1.290  0.1355E+01  0.1368E+02
  -1.280  0.2081E+01  0.1371E+02
  -1.270  0.2589E+01  0.1373E+02
  -1.260  0.3857E+01  0.1377E+02
  -1.250  0.6461E+01  0.1383E+02
  -1.240  0.7786E+01  0.1391E+02
  -1.230  0.6440E+01  0.1398E+02
  -1.220  0.4696E+01  0.1402E+02
  -1.210  0.5593E+01  0.1408E+02
  -1.200  0.8307E+01  0.1416E+02
  -1.190  0.1044E+02  0.1427E+02
  -1.180  0.1267E+02  0.1439E+02
  -1.170  0.1496E+02  0.1454E+02
  -1.160  0.8129E+01  0.1462E+02
  -1.150  0.9787E+00  0.1463E+02
  -1.140  0.1894E+01  0.1465E+02
  -1.130  0.1048E+01  0.1466E+02
  -1.120 -0.3023E+00  0.1466E+02
  -1.110 -0.1264E+00  0.1466E+02
  -1.100  0.4053E+00  0.1466E+02
  -1.090  0.1582E+01  0.1468E+02
  -1.080  0.2036E+01  0.1470E+02
  -1.070  0.8464E+00  0.1471E+02
  -1.060  0.7014E+00  0.1472E+02
  -1.050  0.1087E+01  0.1473E+02
  -1.040  0.7254E+00  0.1473E+02
  -1.030  0.1307E+01  0.1475E+02
  -1.020  0.1503E+01  0.1476E+02
  -1.010  0.1266E+01  0.1477E+02
  -1.000  0.1129E+01  0.1479E+02
  -0.990  0.7313E+00  0.1479E+02
  -0.980 -0.4258E-01  0.1479E+02
  -0.970  0.2346E+00  0.1480E+02
  -0.960  0.1620E+01  0.1481E+02
  -0.950  0.2256E+01  0.1483E+02
  -0.940  0.5201E+00  0.1484E+02
  -0.930  0.3090E-01  0.1484E+02
  -0.920  0.1738E+01  0.1486E+02
  -0.910  0.3407E+01  0.1489E+02
  -0.900  0.1600E+01  0.1491E+02
  -0.890  0.6985E-02  0.1491E+02
  -0.880  0.1383E+01  0.1492E+02
  -0.870  0.4292E+01  0.1496E+02
  -0.860  0.6640E+01  0.1503E+02
  -0.850  0.3952E+01  0.1507E+02
  -0.840  0.1520E+01  0.1508E+02
  -0.830  0.2063E+01  0.1511E+02
  -0.820  0.1725E+01  0.1512E+02
  -0.810  0.1053E+01  0.1513E+02
  -0.800  0.2077E+01  0.1515E+02
  -0.790  0.1887E+01  0.1517E+02
  -0.780  0.1716E+01  0.1519E+02
  -0.770  0.2495E+01  0.1521E+02
  -0.760  0.1875E+01  0.1523E+02
  -0.750  0.1630E+01  0.1525E+02
  -0.740  0.6687E+00  0.1526E+02
  -0.730  0.4126E+00  0.1526E+02
  -0.720  0.1387E+01  0.1527E+02
  -0.710  0.2013E+01  0.1529E+02
  -0.700  0.2898E+01  0.1532E+02
  -0.690  0.2611E+01  0.1535E+02
  -0.680  0.1543E+01  0.1537E+02
  -0.670  0.1466E+01  0.1538E+02
  -0.660  0.3215E+01  0.1541E+02
  -0.650  0.3366E+01  0.1545E+02
  -0.640  0.2972E+01  0.1548E+02
  -0.630  0.2200E+01  0.1550E+02
  -0.620  0.2082E+00  0.1550E+02
  -0.610  0.3958E+00  0.1550E+02
  -0.600  0.1159E+01  0.1552E+02
  -0.590  0.6257E+00  0.1552E+02
  -0.580  0.1372E+01  0.1553E+02
  -0.570  0.2922E+01  0.1556E+02
  -0.560  0.3954E+01  0.1560E+02
  -0.550  0.6180E+01  0.1567E+02
  -0.540  0.4678E+01  0.1571E+02
  -0.530  0.2262E+01  0.1573E+02
  -0.520  0.2494E+01  0.1576E+02
  -0.510  0.4203E+01  0.1580E+02
  -0.500  0.5720E+01  0.1586E+02
  -0.490  0.5674E+01  0.1592E+02
  -0.480  0.4098E+01  0.1596E+02
  -0.470  0.3076E+01  0.1599E+02
  -0.460  0.1396E+01  0.1600E+02
  -0.450  0.1020E+01  0.1601E+02
  -0.440  0.2189E+01  0.1603E+02
  -0.430  0.3434E+01  0.1607E+02
  -0.420  0.4250E+01  0.1611E+02
  -0.410  0.4234E+01  0.1615E+02
  -0.400  0.3945E+01  0.1619E+02
  -0.390  0.3503E+01  0.1623E+02
  -0.380  0.2918E+01  0.1626E+02
  -0.370  0.3399E+01  0.1629E+02
  -0.360  0.3400E+01  0.1632E+02
  -0.350  0.2593E+01  0.1635E+02
  -0.340  0.2648E+01  0.1638E+02
  -0.330  0.3323E+01  0.1641E+02
  -0.320  0.3049E+01  0.1644E+02
  -0.310  0.3218E+01  0.1647E+02
  -0.300  0.6063E+01  0.1653E+02
  -0.290  0.7746E+01  0.1661E+02
  -0.280  0.4444E+01  0.1666E+02
  -0.270  0.8208E+00  0.1666E+02
  -0.260 -0.1333E+00  0.1666E+02
  -0.250 -0.2269E+00  0.1666E+02
  -0.240 -0.4526E-01  0.1666E+02
  -0.230  0.2139E+00  0.1666E+02
  -0.220  0.1572E+01  0.1668E+02
  -0.210  0.4112E+01  0.1672E+02
  -0.200  0.3311E+01  0.1675E+02
  -0.190  0.6566E-01  0.1675E+02
  -0.180 -0.4227E+00  0.1675E+02
  -0.170  0.1564E-01  0.1675E+02
  -0.160  0.5948E+00  0.1675E+02
  -0.150  0.1218E+01  0.1677E+02
  -0.140  0.5040E+00  0.1677E+02
  -0.130 -0.1063E+00  0.1677E+02
  -0.120  0.4285E+00  0.1677E+02
  -0.110  0.2160E+01  0.1680E+02
  -0.100  0.3231E+01  0.1683E+02
  -0.090  0.2175E+01  0.1685E+02
  -0.080  0.9495E+00  0.1686E+02
  -0.070 -0.5824E-01  0.1686E+02
  -0.060 -0.1686E+00  0.1686E+02
  -0.050 -0.2745E-01  0.1686E+02
  -0.040  0.1936E-01  0.1686E+02
  -0.030  0.2614E+00  0.1686E+02
  -0.020  0.1013E+01  0.1687E+02
  -0.010  0.1141E+01  0.1688E+02
  -0.000  0.1025E+01  0.1689E+02
   0.010  0.2396E+01  0.1692E+02
   0.020  0.2379E+01  0.1694E+02
   0.030  0.8765E+00  0.1695E+02
   0.040  0.6982E-01  0.1695E+02
   0.050  0.7766E+00  0.1696E+02
   0.060  0.1072E+01  0.1697E+02
   0.070  0.1248E+00  0.1697E+02
   0.080 -0.1401E+00  0.1697E+02
   0.090 -0.2650E-01  0.1697E+02
   0.100  0.4663E-02  0.1697E+02
   0.110  0.1284E+00  0.1697E+02
   0.120  0.9482E+00  0.1698E+02
   0.130  0.2428E+01  0.1700E+02
   0.140  0.2756E+01  0.1703E+02
   0.150  0.2322E+01  0.1705E+02
   0.160  0.6371E+00  0.1706E+02
   0.170 -0.3213E+00  0.1706E+02
   0.180 -0.7465E-01  0.1706E+02
   0.190  0.3306E+00  0.1706E+02
   0.200  0.1097E+01  0.1707E+02
   0.210  0.8884E+00  0.1708E+02
   0.220 -0.3327E-01  0.1708E+02
   0.230 -0.1100E+00  0.1708E+02
   0.240 -0.1258E-01  0.1708E+02
   0.250  0.4837E-01  0.1708E+02
   0.260  0.5902E+00  0.1708E+02
   0.270  0.2478E+01  0.1711E+02
   0.280  0.3555E+01  0.1714E+02
   0.290  0.1875E+01  0.1716E+02
   0.300  0.5208E+00  0.1717E+02
   0.310 -0.1409E+00  0.1717E+02
   0.320 -0.1215E+00  0.1716E+02
   0.330 -0.6167E-02  0.1716E+02
   0.340  0.1528E+00  0.1717E+02
   0.350  0.8050E+00  0.1717E+02
   0.360  0.1170E+01  0.1719E+02
   0.370  0.2500E+00  0.1719E+02
   0.380 -0.1468E+00  0.1719E+02
   0.390  0.4735E-01  0.1719E+02
   0.400  0.6319E+00  0.1719E+02
   0.410  0.1625E+01  0.1721E+02
   0.420  0.1842E+01  0.1723E+02
   0.430  0.1665E+01  0.1725E+02
   0.440  0.1791E+01  0.1726E+02
   0.450  0.1262E+01  0.1728E+02
   0.460  0.1082E+00  0.1728E+02
   0.470 -0.1832E+00  0.1728E+02
   0.480 -0.4013E-01  0.1727E+02
   0.490  0.6945E-02  0.1727E+02
   0.500  0.1543E+00  0.1728E+02
   0.510  0.8088E+00  0.1728E+02
   0.520  0.1209E+01  0.1730E+02
   0.530  0.6387E+00  0.1730E+02
   0.540  0.9929E+00  0.1731E+02
   0.550  0.7675E+00  0.1732E+02
   0.560 -0.2954E-01  0.1732E+02
   0.570  0.3211E+00  0.1732E+02
   0.580  0.1258E+01  0.1734E+02
   0.590  0.1568E+01  0.1735E+02
   0.600  0.1899E+01  0.1737E+02
   0.610  0.1513E+01  0.1739E+02
   0.620  0.1319E+00  0.1739E+02
   0.630 -0.2056E+00  0.1739E+02
   0.640 -0.4411E-01  0.1738E+02
   0.650  0.2162E-01  0.1738E+02
   0.660  0.3279E+00  0.1739E+02
   0.670  0.1497E+01  0.1740E+02
   0.680  0.2184E+01  0.1742E+02
   0.690  0.7091E+00  0.1743E+02
   0.700 -0.2368E+00  0.1743E+02
   0.710 -0.1012E+00  0.1743E+02
   0.720 -0.5990E-02  0.1743E+02
   0.730  0.6357E-01  0.1743E+02
   0.740  0.5380E+00  0.1743E+02
   0.750  0.1559E+01  0.1745E+02
   0.760  0.2100E+01  0.1747E+02
   0.770  0.1953E+01  0.1749E+02
   0.780  0.7319E+00  0.1750E+02
   0.790  0.1367E+00  0.1750E+02
   0.800  0.9828E+00  0.1751E+02
   0.810  0.8814E+00  0.1752E+02
   0.820 -0.1571E-01  0.1752E+02
   0.830  0.1117E+00  0.1752E+02
   0.840  0.9319E+00  0.1753E+02
   0.850  0.1072E+01  0.1754E+02
   0.860  0.1036E+00  0.1754E+02
   0.870 -0.1372E+00  0.1754E+02
   0.880 -0.2479E-01  0.1754E+02
   0.890 -0.2863E-03  0.1754E+02
   0.900  0.3729E-01  0.1754E+02
   0.910  0.5708E+00  0.1754E+02
   0.920  0.2751E+01  0.1757E+02
   0.930  0.4042E+01  0.1761E+02
   0.940  0.1719E+01  0.1763E+02
   0.950 -0.2985E-01  0.1763E+02
   0.960 -0.2410E+00  0.1763E+02
   0.970 -0.5547E-01  0.1763E+02
   0.980  0.2416E-01  0.1763E+02
   0.990  0.3138E+00  0.1763E+02
   1.000  0.1073E+01  0.1764E+02
   1.010  0.9304E+00  0.1765E+02
   1.020  0.7293E-01  0.1765E+02
   1.030  0.4843E+00  0.1766E+02
   1.040  0.1202E+01  0.1767E+02
   1.050  0.5061E+00  0.1767E+02
   1.060 -0.2196E-01  0.1767E+02
   1.070  0.6571E+00  0.1768E+02
   1.080  0.1245E+01  0.1769E+02
   1.090  0.8564E+00  0.1770E+02
   1.100  0.1695E+01  0.1772E+02
   1.110  0.1970E+01  0.1774E+02
   1.120  0.3723E+00  0.1774E+02
   1.130  0.4215E+00  0.1774E+02
   1.140  0.1864E+01  0.1776E+02
   1.150  0.1765E+01  0.1778E+02
   1.160  0.2255E+00  0.1778E+02
   1.170 -0.2206E+00  0.1778E+02
   1.180 -0.5207E-01  0.1778E+02
   1.190  0.3312E-01  0.1778E+02
   1.200  0.3947E+00  0.1778E+02
   1.210  0.1456E+01  0.1780E+02
   1.220  0.1941E+01  0.1782E+02
   1.230  0.8569E+00  0.1783E+02
   1.240  0.1501E+00  0.1783E+02
   1.250  0.1794E+01  0.1785E+02
   1.260  0.5864E+01  0.1791E+02
   1.270  0.8698E+01  0.1799E+02
   1.280  0.6860E+01  0.1806E+02
   1.290  0.4813E+01  0.1811E+02
   1.300  0.4496E+01  0.1815E+02
   1.310  0.4464E+01  0.1820E+02
   1.320  0.5021E+01  0.1825E+02
   1.330  0.4056E+01  0.1829E+02
   1.340  0.4433E+01  0.1833E+02
   1.350  0.7113E+01  0.1840E+02
   1.360  0.8597E+01  0.1849E+02
   1.370  0.7532E+01  0.1857E+02
   1.380  0.6699E+01  0.1863E+02
   1.390  0.8495E+01  0.1872E+02
   1.400  0.1039E+02  0.1882E+02
   1.410  0.1146E+02  0.1894E+02
   1.420  0.9542E+01  0.1903E+02
   1.430  0.3361E+01  0.1907E+02
   1.440  0.9813E+00  0.1908E+02
   1.450  0.2064E+01  0.1910E+02
   1.460  0.3555E+01  0.1913E+02
   1.470  0.3715E+01  0.1917E+02
   1.480  0.2461E+01  0.1919E+02
   1.490  0.1255E+01  0.1921E+02
   1.500  0.5704E+00  0.1921E+02
   1.510  0.2201E+00  0.1921E+02
   1.520  0.9852E+00  0.1922E+02
   1.530  0.9334E+00  0.1923E+02
   1.540  0.4280E+00  0.1924E+02
   1.550  0.1089E+01  0.1925E+02
   1.560  0.9183E+00  0.1926E+02
   1.570  0.9877E+00  0.1927E+02
   1.580  0.2293E+01  0.1929E+02
   1.590  0.4285E+01  0.1933E+02
   1.600  0.5898E+01  0.1939E+02
   1.610  0.7497E+01  0.1947E+02
   1.620  0.8665E+01  0.1955E+02
   1.630  0.7954E+01  0.1963E+02
   1.640  0.5584E+01  0.1969E+02
   1.650  0.3681E+01  0.1973E+02
   1.660  0.5057E+01  0.1978E+02
   1.670  0.5126E+01  0.1983E+02
   1.680  0.4257E+01  0.1987E+02
   1.690  0.6602E+01  0.1994E+02
   1.700  0.6316E+01  0.2000E+02
   1.710  0.5138E+01  0.2005E+02
   1.720  0.5237E+01  0.2010E+02
   1.730  0.6002E+01  0.2016E+02
   1.740  0.6022E+01  0.2022E+02
   1.750  0.4858E+01  0.2027E+02
   1.760  0.2381E+01  0.2030E+02
   1.770  0.2885E+01  0.2032E+02
   1.780  0.4992E+01  0.2037E+02
   1.790  0.4397E+01  0.2042E+02
   1.800  0.4216E+01  0.2046E+02
   1.810  0.6096E+01  0.2052E+02
   1.820  0.7101E+01  0.2059E+02
   1.830  0.4637E+01  0.2064E+02
   1.840  0.1148E+01  0.2065E+02
   1.850  0.2673E+01  0.2068E+02
   1.860  0.6734E+01  0.2074E+02
   1.870  0.5861E+01  0.2080E+02
   1.880  0.4101E+01  0.2084E+02
   1.890  0.5130E+01  0.2090E+02
   1.900  0.3773E+01  0.2093E+02
   1.910  0.2251E+01  0.2096E+02
   1.920  0.3774E+01  0.2099E+02
   1.930  0.3439E+01  0.2103E+02
   1.940  0.3460E+01  0.2106E+02
   1.950  0.5237E+01  0.2111E+02
   1.960  0.7867E+01  0.2119E+02
   1.970  0.1275E+02  0.2132E+02
   1.980  0.1188E+02  0.2144E+02
   1.990  0.8105E+01  0.2152E+02
   2.000  0.4093E+01  0.2156E+02
   2.010  0.8245E+00  0.2157E+02
   2.020  0.8302E+00  0.2158E+02
   2.030  0.3558E+01  0.2161E+02
   2.040  0.4332E+01  0.2166E+02
   2.050  0.2835E+01  0.2169E+02
   2.060  0.2317E+01  0.2171E+02
   2.070  0.4736E+01  0.2176E+02
   2.080  0.7430E+01  0.2183E+02
   2.090  0.5904E+01  0.2189E+02
   2.100  0.2393E+01  0.2191E+02
   2.110  0.1274E+01  0.2193E+02
   2.120  0.1579E+01  0.2194E+02
   2.130  0.2675E+01  0.2197E+02
   2.140  0.3675E+01  0.2201E+02
   2.150  0.2587E+01  0.2203E+02
   2.160  0.1359E+01  0.2204E+02
   2.170  0.1459E+01  0.2206E+02
   2.180  0.3497E+01  0.2209E+02
   2.190  0.3945E+01  0.2213E+02
   2.200  0.1903E+01  0.2215E+02
   2.210  0.9421E+00  0.2216E+02
   2.220  0.2122E+01  0.2218E+02
   2.230  0.4398E+01  0.2223E+02
   2.240  0.4779E+01  0.2228E+02
   2.250  0.5770E+01  0.2233E+02
   2.260  0.1082E+02  0.2244E+02
   2.270  0.1234E+02  0.2256E+02
   2.280  0.5250E+01  0.2262E+02
   2.290  0.2186E+01  0.2264E+02
   2.300  0.6991E+01  0.2271E+02
   2.310  0.1398E+02  0.2285E+02
   2.320  0.1238E+02  0.2297E+02
   2.330  0.6736E+01  0.2304E+02
   2.340  0.5496E+01  0.2309E+02
   2.350  0.5483E+01  0.2315E+02
   2.360  0.7602E+01  0.2323E+02
   2.370  0.9271E+01  0.2332E+02
   2.380  0.6800E+01  0.2339E+02
   2.390  0.4129E+01  0.2343E+02
   2.400  0.4075E+01  0.2347E+02
   2.410  0.4718E+01  0.2352E+02
   2.420  0.3682E+01  0.2355E+02
   2.430  0.3178E+01  0.2358E+02
   2.440  0.2966E+01  0.2361E+02
   2.450  0.2187E+01  0.2364E+02
   2.460  0.2594E+01  0.2366E+02
   2.470  0.4929E+01  0.2371E+02
   2.480  0.5268E+01  0.2376E+02
   2.490  0.2951E+01  0.2379E+02
   2.500  0.5644E+01  0.2385E+02
   2.510  0.1619E+02  0.2401E+02
   2.520  0.1541E+02  0.2417E+02
   2.530  0.4866E+01  0.2421E+02
   2.540  0.3165E+01  0.2425E+02
   2.550  0.4951E+01  0.2430E+02
   2.560  0.7082E+01  0.2437E+02
   2.570  0.6649E+01  0.2443E+02
   2.580  0.3442E+01  0.2447E+02
   2.590  0.3956E+01  0.2451E+02
   2.600  0.6311E+01  0.2457E+02
   2.610  0.7040E+01  0.2464E+02
   2.620  0.7806E+01  0.2472E+02
   2.630  0.7390E+01  0.2479E+02
   2.640  0.3760E+01  0.2483E+02
   2.650  0.2440E+01  0.2485E+02
   2.660  0.3642E+01  0.2489E+02
   2.670  0.4066E+01  0.2493E+02
   2.680  0.3668E+01  0.2497E+02
   2.690  0.3696E+01  0.2500E+02
   2.700  0.2915E+01  0.2503E+02
   2.710  0.2934E+01  0.2506E+02
   2.720  0.2876E+01  0.2509E+02
   2.730  0.2125E+01  0.2511E+02
   2.740  0.3184E+01  0.2515E+02
   2.750  0.4808E+01  0.2519E+02
   2.760  0.4666E+01  0.2524E+02
   2.770  0.4852E+01  0.2529E+02
   2.780  0.5432E+01  0.2534E+02
   2.790  0.3849E+01  0.2538E+02
   2.800  0.3045E+01  0.2541E+02
   2.810  0.4767E+01  0.2546E+02
   2.820  0.5715E+01  0.2552E+02
   2.830  0.7014E+01  0.2559E+02
   2.840  0.7405E+01  0.2566E+02
   2.850  0.6184E+01  0.2572E+02
   2.860  0.2669E+01  0.2575E+02
   2.870  0.5972E+00  0.2576E+02
   2.880  0.2708E+01  0.2578E+02
   2.890  0.3425E+01  0.2582E+02
   2.900  0.1302E+01  0.2583E+02
   2.910 -0.2965E+00  0.2583E+02
   2.920 -0.8712E-01  0.2583E+02
   2.930  0.6732E+00  0.2583E+02
   2.940  0.1306E+01  0.2585E+02
   2.950  0.1025E+01  0.2586E+02
   2.960  0.1067E+01  0.2587E+02
   2.970  0.4334E+00  0.2587E+02
   2.980  0.2807E+00  0.2587E+02
   2.990  0.1631E+01  0.2589E+02
   3.000  0.2131E+01  0.2591E+02
   3.010  0.1045E+01  0.2592E+02
   3.020  0.1609E+01  0.2594E+02
   3.030  0.1852E+01  0.2596E+02
   3.040  0.2958E+00  0.2596E+02
   3.050 -0.2273E+00  0.2596E+02
   3.060  0.1083E+00  0.2596E+02
   3.070  0.8522E+00  0.2597E+02
   3.080  0.1373E+01  0.2598E+02
   3.090  0.1173E+01  0.2599E+02
   3.100  0.1150E+01  0.2600E+02
   3.110  0.1027E+01  0.2601E+02
   3.120  0.1081E+01  0.2602E+02
   3.130  0.1191E+01  0.2604E+02
   3.140  0.2279E+01  0.2606E+02
   3.150  0.1122E+01  0.2607E+02
   3.160  0.1393E+00  0.2607E+02
   3.170  0.1779E+01  0.2609E+02
   3.180  0.3401E+01  0.2612E+02
   3.190  0.3591E+01  0.2616E+02
   3.200  0.2310E+01  0.2618E+02
   3.210  0.1167E+01  0.2619E+02
   3.220  0.2486E+01  0.2622E+02
   3.230  0.2592E+01  0.2625E+02
   3.240  0.1251E+01  0.2626E+02
   3.250  0.7561E+00  0.2627E+02
   3.260  0.6482E-01  0.2627E+02
   3.270  0.2084E+00  0.2627E+02
   3.280  0.1084E+01  0.2628E+02
   3.290  0.8686E+00  0.2629E+02
   3.300 -0.2723E-01  0.2629E+02
   3.310  0.1494E+00  0.2629E+02
   3.320  0.1550E+01  0.2630E+02
   3.330  0.3793E+01  0.2634E+02
   3.340  0.3431E+01  0.2638E+02
   3.350  0.1030E+01  0.2639E+02
   3.360  0.1685E+01  0.2640E+02
   3.370  0.2768E+01  0.2643E+02
   3.380  0.1326E+01  0.2644E+02
   3.390  0.3796E+00  0.2645E+02
   3.400  0.3445E+01  0.2648E+02
   3.410  0.7531E+01  0.2656E+02
   3.420  0.6922E+01  0.2663E+02
   3.430  0.4790E+01  0.2668E+02
   3.440  0.4245E+01  0.2672E+02
   3.450  0.3932E+01  0.2676E+02
   3.460  0.3075E+01  0.2679E+02
   3.470  0.3411E+01  0.2682E+02
   3.480  0.4676E+01  0.2687E+02
   3.490  0.5659E+01  0.2693E+02
   3.500  0.5601E+01  0.2698E+02
   3.510  0.5186E+01  0.2703E+02
   3.520  0.3900E+01  0.2707E+02
   3.530  0.4917E+01  0.2712E+02
   3.540  0.6209E+01  0.2718E+02
   3.550  0.4824E+01  0.2723E+02
   3.560  0.1185E+01  0.2724E+02
   3.570  0.5426E+00  0.2725E+02
   3.580  0.1261E+01  0.2726E+02
   3.590  0.1170E+01  0.2727E+02
   3.600  0.6120E+00  0.2728E+02
   3.610  0.7592E+00  0.2729E+02
   3.620  0.1037E+01  0.2730E+02
   3.630  0.1352E+00  0.2730E+02
   3.640 -0.5564E-01  0.2730E+02
   3.650  0.5750E+00  0.2730E+02
   3.660  0.1220E+01  0.2732E+02
   3.670  0.5660E+00  0.2732E+02
   3.680  0.3931E+00  0.2733E+02
   3.690  0.1148E+01  0.2734E+02
   3.700  0.5831E+00  0.2734E+02
   3.710 -0.1303E+00  0.2734E+02
   3.720 -0.7106E-01  0.2734E+02
   3.730  0.1625E-01  0.2734E+02
   3.740  0.2742E+00  0.2734E+02
   3.750  0.1025E+01  0.2735E+02
   3.760  0.9955E+00  0.2736E+02
   3.770  0.1369E+00  0.2737E+02
   3.780  0.5579E+00  0.2737E+02
   3.790  0.1336E+01  0.2738E+02
   3.800  0.1212E+01  0.2740E+02
   3.810  0.1514E+01  0.2741E+02
   3.820  0.2182E+01  0.2743E+02
   3.830  0.2010E+01  0.2745E+02
   3.840  0.6785E+00  0.2746E+02
   3.850  0.9473E+00  0.2747E+02
   3.860  0.5430E+00  0.2748E+02
   3.870  0.2324E+00  0.2748E+02
   3.880  0.1069E+01  0.2749E+02
   3.890  0.1003E+01  0.2750E+02
   3.900  0.8167E+00  0.2751E+02
   3.910  0.1384E+01  0.2752E+02
   3.920  0.1541E+01  0.2754E+02
   3.930  0.2195E+01  0.2756E+02
   3.940  0.3454E+01  0.2759E+02
   3.950  0.5390E+01  0.2765E+02
   3.960  0.4903E+01  0.2769E+02
   3.970  0.2108E+01  0.2772E+02
   3.980  0.1560E+01  0.2773E+02
   3.990  0.2275E+01  0.2775E+02
   4.000  0.1462E+01  0.2777E+02
   4.010  0.1570E+01  0.2778E+02
   4.020  0.1822E+01  0.2780E+02
   4.030  0.7421E+00  0.2781E+02
   4.040  0.9788E+00  0.2782E+02
   4.050  0.9725E+00  0.2783E+02
   4.060  0.1036E+01  0.2784E+02
   4.070  0.1301E+01  0.2785E+02
   4.080  0.1168E+01  0.2786E+02
   4.090  0.7324E+00  0.2787E+02
   4.100  0.1356E+01  0.2789E+02
   4.110  0.4065E+01  0.2793E+02
   4.120  0.4135E+01  0.2797E+02
   4.130  0.2816E+01  0.2800E+02
   4.140  0.2583E+01  0.2802E+02
   4.150  0.1737E+01  0.2804E+02
   4.160  0.1910E+01  0.2806E+02
   4.170  0.1475E+01  0.2807E+02
   4.180  0.1341E+01  0.2809E+02
   4.190  0.1985E+01  0.2811E+02
   4.200  0.1609E+01  0.2812E+02
   4.210  0.1024E+01  0.2813E+02
   4.220  0.2077E+00  0.2813E+02
   4.230  0.3653E+00  0.2814E+02
   4.240  0.1293E+01  0.2815E+02
   4.250  0.1756E+01  0.2817E+02
   4.260  0.3193E+01  0.2820E+02
   4.270  0.2381E+01  0.2822E+02
   4.280 -0.5275E-01  0.2822E+02
   4.290  0.2538E+00  0.2823E+02
   4.300  0.1464E+01  0.2824E+02
   4.310  0.1960E+01  0.2826E+02
   4.320  0.2524E+01  0.2829E+02
   4.330  0.2377E+01  0.2831E+02
   4.340  0.1232E+01  0.2832E+02
   4.350  0.8376E+00  0.2833E+02
   4.360  0.1042E+00  0.2833E+02
   4.370 -0.1502E+00  0.2833E+02
   4.380 -0.8635E-02  0.2833E+02
   4.390  0.3458E+00  0.2833E+02
   4.400  0.1671E+01  0.2835E+02
   4.410  0.2300E+01  0.2837E+02
   4.420  0.8605E+00  0.2838E+02
   4.430  0.1717E+01  0.2840E+02
   4.440  0.3522E+01  0.2843E+02
   4.450  0.2855E+01  0.2846E+02
   4.460  0.1966E+01  0.2848E+02
   4.470  0.5538E+00  0.2849E+02
   4.480  0.2624E+00  0.2849E+02
   4.490  0.2549E+01  0.2852E+02
   4.500  0.4573E+01  0.2856E+02
   4.510  0.4337E+01  0.2861E+02
   4.520  0.3300E+01  0.2864E+02
   4.530  0.1728E+01  0.2866E+02
   4.540  0.7731E+00  0.2866E+02
   4.550  0.4600E+00  0.2867E+02
   4.560  0.1073E+01  0.2868E+02
   4.570  0.5206E+00  0.2868E+02
   4.580  0.1086E+00  0.2868E+02
   4.590  0.1300E+01  0.2870E+02
   4.600  0.2666E+01  0.2872E+02
   4.610  0.2088E+01  0.2875E+02
   4.620  0.7133E+00  0.2875E+02
   4.630  0.1015E+01  0.2876E+02
   4.640  0.2527E+01  0.2879E+02
   4.650  0.2634E+01  0.2881E+02
   4.660  0.4775E+01  0.2886E+02
   4.670  0.5340E+01  0.2892E+02
   4.680  0.2899E+01  0.2894E+02
   4.690  0.3987E+01  0.2898E+02
   4.700  0.4203E+01  0.2903E+02
   4.710  0.2285E+01  0.2905E+02
   4.720  0.2425E+01  0.2907E+02
   4.730  0.3306E+01  0.2911E+02
   4.740  0.5504E+01  0.2916E+02
   4.750  0.8656E+01  0.2925E+02
   4.760  0.6180E+01  0.2931E+02
   4.770  0.3550E+01  0.2935E+02
   4.780  0.3678E+01  0.2938E+02
   4.790  0.3340E+01  0.2942E+02
   4.800  0.4911E+01  0.2946E+02
   4.810  0.5870E+01  0.2952E+02
   4.820  0.5740E+01  0.2958E+02
   4.830  0.4448E+01  0.2963E+02
   4.840  0.2655E+01  0.2965E+02
   4.850  0.1869E+01  0.2967E+02
   4.860  0.3690E+00  0.2967E+02
   4.870 -0.7781E-01  0.2967E+02
   4.880  0.1099E+01  0.2968E+02
   4.890  0.2430E+01  0.2971E+02
   4.900  0.1654E+01  0.2973E+02
   4.910  0.2216E+01  0.2975E+02
   4.920  0.3299E+01  0.2978E+02
   4.930  0.2183E+01  0.2980E+02
   4.940  0.1502E+01  0.2982E+02
   4.950  0.1573E+01  0.2983E+02
   4.960  0.1999E+01  0.2985E+02
   4.970  0.2842E+01  0.2988E+02
   4.980  0.3068E+01  0.2991E+02
   4.990  0.2252E+01  0.2993E+02
   5.000  0.6862E+00  0.2994E+02
   5.010  0.9946E+00  0.2995E+02
   5.020  0.2335E+01  0.2997E+02
   5.030  0.2182E+01  0.3000E+02
   5.040  0.7103E+00  0.3000E+02
   5.050 -0.1861E+00  0.3000E+02
   5.060  0.2831E+00  0.3000E+02
   5.070  0.1660E+01  0.3002E+02
   5.080  0.2139E+01  0.3004E+02
   5.090  0.5035E+00  0.3005E+02
   5.100 -0.5202E-01  0.3005E+02
   5.110  0.1030E+01  0.3006E+02
   5.120  0.2392E+01  0.3008E+02
   5.130  0.2495E+01  0.3011E+02
   5.140  0.9792E+00  0.3012E+02
   5.150  0.5963E+00  0.3012E+02
   5.160  0.1060E+01  0.3013E+02
   5.170  0.7496E+00  0.3014E+02
   5.180  0.2291E+01  0.3016E+02
   5.190  0.3992E+01  0.3020E+02
   5.200  0.2204E+01  0.3022E+02
   5.210 -0.1620E+00  0.3022E+02
   5.220 -0.2865E+00  0.3022E+02
   5.230  0.1480E+00  0.3022E+02
   5.240  0.9273E+00  0.3023E+02
   5.250  0.1525E+01  0.3025E+02
   5.260  0.1319E+01  0.3026E+02
   5.270  0.7501E+00  0.3027E+02
   5.280  0.8008E+00  0.3028E+02
   5.290  0.2199E+01  0.3030E+02
   5.300  0.1487E+01  0.3031E+02
   5.310  0.5329E+00  0.3032E+02
   5.320  0.2009E+01  0.3034E+02
   5.330  0.1740E+01  0.3035E+02
   5.340  0.4084E-01  0.3036E+02
   5.350  0.5152E+00  0.3036E+02
   5.360  0.1905E+01  0.3038E+02
   5.370  0.2352E+01  0.3040E+02
   5.380  0.2473E+01  0.3043E+02
   5.390  0.1690E+01  0.3044E+02
   5.400  0.9808E+00  0.3045E+02
   5.410  0.2937E+01  0.3048E+02
   5.420  0.2900E+01  0.3051E+02
   5.430  0.1665E+01  0.3053E+02
   5.440  0.2547E+01  0.3055E+02
   5.450  0.3402E+01  0.3059E+02
   5.460  0.3192E+01  0.3062E+02
   5.470  0.1853E+01  0.3064E+02
   5.480  0.7763E+00  0.3065E+02
   5.490  0.2790E+01  0.3067E+02
   5.500  0.5405E+01  0.3073E+02
   5.510  0.3826E+01  0.3077E+02
   5.520  0.3070E+01  0.3080E+02
   5.530  0.3677E+01  0.3083E+02
   5.540  0.2904E+01  0.3086E+02
   5.550  0.2361E+01  0.3089E+02
   5.560  0.3923E+01  0.3093E+02
   5.570  0.3008E+01  0.3096E+02
   5.580  0.2154E+01  0.3098E+02
   5.590  0.2614E+01  0.3100E+02
   5.600  0.1767E+01  0.3102E+02
   5.610  0.1296E+01  0.3104E+02
   5.620  0.1219E+01  0.3105E+02
   5.630  0.1812E+01  0.3107E+02
   5.640  0.2846E+01  0.3109E+02
   5.650  0.3396E+01  0.3113E+02
   5.660  0.3115E+01  0.3116E+02
   5.670  0.2158E+01  0.3118E+02
   5.680  0.1416E+01  0.3119E+02
   5.690  0.2053E+01  0.3122E+02
   5.700  0.2558E+01  0.3124E+02
   5.710  0.2117E+01  0.3126E+02
   5.720  0.3463E+01  0.3130E+02
   5.730  0.6021E+01  0.3136E+02
   5.740  0.6193E+01  0.3142E+02
   5.750  0.3735E+01  0.3146E+02
   5.760  0.3815E+01  0.3149E+02
   5.770  0.3027E+01  0.3152E+02
   5.780  0.1328E+01  0.3154E+02
   5.790  0.3493E+01  0.3157E+02
   5.800  0.3377E+01  0.3161E+02
   5.810  0.9220E+00  0.3162E+02
   5.820  0.8040E+00  0.3162E+02
   5.830  0.5165E+00  0.3163E+02
   5.840  0.2301E+00  0.3163E+02
   5.850  0.1053E+01  0.3164E+02
   5.860  0.8368E+00  0.3165E+02
   5.870  0.3917E-02  0.3165E+02
   5.880  0.3930E+00  0.3165E+02
   5.890  0.1192E+01  0.3167E+02
   5.900  0.7859E+00  0.3167E+02
   5.910  0.1043E+01  0.3168E+02
   5.920  0.3185E+01  0.3172E+02
   5.930  0.3332E+01  0.3175E+02
   5.940  0.1284E+01  0.3176E+02
   5.950  0.1143E+00  0.3176E+02
   5.960  0.8458E+00  0.3177E+02
   5.970  0.1466E+01  0.3179E+02
   5.980  0.1354E+01  0.3180E+02
   5.990  0.1291E+01  0.3181E+02
   6.000  0.1689E+01  0.3183E+02
   6.010  0.2392E+01  0.3185E+02
   6.020  0.1730E+01  0.3187E+02
   6.030  0.8806E-01  0.3187E+02
   6.040  0.4252E+00  0.3188E+02
   6.050  0.1249E+01  0.3189E+02
   6.060  0.1183E+01  0.3190E+02
   6.070  0.2907E+01  0.3193E+02
   6.080  0.4716E+01  0.3198E+02
   6.090  0.2895E+01  0.3201E+02
   6.100  0.1334E+01  0.3202E+02
   6.110  0.3370E+01  0.3205E+02
   6.120  0.3347E+01  0.3209E+02
   6.130  0.1783E+01  0.3210E+02
   6.140  0.1361E+01  0.3212E+02
   6.150  0.1315E+01  0.3213E+02
   6.160  0.1747E+01  0.3215E+02
   6.170  0.2992E+01  0.3218E+02
   6.180  0.4482E+01  0.3222E+02
   6.190  0.4198E+01  0.3227E+02
   6.200  0.1853E+01  0.3228E+02
   6.210  0.1875E+01  0.3230E+02
   6.220  0.1507E+01  0.3232E+02
   6.230  0.1858E+01  0.3234E+02
   6.240  0.2989E+01  0.3237E+02
   6.250  0.1736E+01  0.3238E+02
   6.260  0.1035E+01  0.3239E+02
   6.270  0.1450E+01  0.3241E+02
   6.280  0.2382E+01  0.3243E+02
   6.290  0.2551E+01  0.3246E+02
   6.300  0.1539E+01  0.3247E+02
   6.310  0.1092E+01  0.3248E+02
   6.320  0.7559E+00  0.3249E+02
   6.330  0.1060E+01  0.3250E+02
   6.340  0.9665E+00  0.3251E+02
   6.350  0.1363E+01  0.3253E+02
   6.360  0.2779E+01  0.3255E+02
   6.370  0.3930E+01  0.3259E+02
   6.380  0.3260E+01  0.3262E+02
   6.390  0.2127E+01  0.3265E+02
   6.400  0.2380E+01  0.3267E+02
   6.410  0.2964E+01  0.3270E+02
   6.420  0.5427E+01  0.3275E+02
   6.430  0.6601E+01  0.3282E+02
   6.440  0.5588E+01  0.3288E+02
   6.450  0.4184E+01  0.3292E+02
   6.460  0.3492E+01  0.3295E+02
   6.470  0.3648E+01  0.3299E+02
   6.480  0.5282E+01  0.3304E+02
   6.490  0.6937E+01  0.3311E+02
   6.500  0.5580E+01  0.3317E+02
   6.510  0.2388E+01  0.3319E+02
   6.520  0.2940E+01  0.3322E+02
   6.530  0.7471E+01  0.3329E+02
   6.540  0.1630E+02  0.3346E+02
   6.550  0.1687E+02  0.3363E+02
   6.560  0.4883E+01  0.3368E+02
   6.570  0.7127E+00  0.3368E+02
   6.580  0.1918E+01  0.3370E+02
   6.590  0.2058E+01  0.3372E+02
   6.600  0.1491E+01  0.3374E+02
   6.610  0.1833E+00  0.3374E+02
   6.620 -0.2195E+00  0.3374E+02
   6.630 -0.5481E-01  0.3374E+02
   6.640 -0.2997E-02  0.3374E+02
   6.650  0.1436E-01  0.3374E+02
   6.660  0.2084E+00  0.3374E+02
   6.670  0.9215E+00  0.3375E+02
   6.680  0.1094E+01  0.3376E+02
   6.690  0.1277E+00  0.3376E+02
   6.700 -0.1400E+00  0.3376E+02
   6.710 -0.7952E-02  0.3376E+02
   6.720  0.2992E+00  0.3376E+02
   6.730  0.1539E+01  0.3378E+02
   6.740  0.2306E+01  0.3380E+02
   6.750  0.6067E+00  0.3381E+02
   6.760 -0.2836E+00  0.3380E+02
   6.770 -0.8661E-01  0.3380E+02
   6.780 -0.5607E-02  0.3380E+02
   6.790  0.1234E-02  0.3380E+02
   6.800  0.4793E-01  0.3380E+02
   6.810  0.5579E+00  0.3381E+02
   6.820  0.2021E+01  0.3383E+02
   6.830  0.1962E+01  0.3385E+02
   6.840  0.9589E-01  0.3385E+02
   6.850 -0.2359E+00  0.3385E+02
   6.860  0.1421E+00  0.3385E+02
   6.870  0.8702E+00  0.3386E+02
   6.880  0.1131E+01  0.3387E+02
   6.890  0.1780E+00  0.3387E+02
   6.900 -0.1457E+00  0.3387E+02
   6.910 -0.3099E-01  0.3387E+02
   6.920  0.5379E-03  0.3387E+02
   6.930  0.6850E-01  0.3387E+02
   6.940  0.8449E+00  0.3388E+02
   6.950  0.4046E+01  0.3392E+02
   6.960  0.7949E+01  0.3400E+02
   6.970  0.7567E+01  0.3407E+02
   6.980  0.5508E+01  0.3413E+02
   6.990  0.4714E+01  0.3418E+02
   7.000  0.4639E+01  0.3422E+02
   7.010  0.4118E+01  0.3426E+02
   7.020  0.4875E+01  0.3431E+02
   7.030  0.5275E+01  0.3436E+02
   7.040  0.3296E+01  0.3440E+02
   7.050  0.2221E+01  0.3442E+02
   7.060  0.1911E+01  0.3444E+02
   7.070  0.2353E+01  0.3446E+02
   7.080  0.3360E+01  0.3450E+02
   7.090  0.2347E+01  0.3452E+02
   7.100  0.2497E+01  0.3454E+02
   7.110  0.3246E+01  0.3458E+02
   7.120  0.2133E+01  0.3460E+02
   7.130  0.2802E+01  0.3463E+02
   7.140  0.3509E+01  0.3466E+02
   7.150  0.2429E+01  0.3469E+02
   7.160  0.8878E+00  0.3469E+02
   7.170  0.3069E+01  0.3472E+02
   7.180  0.4260E+01  0.3477E+02
   7.190  0.1797E+01  0.3479E+02
   7.200  0.1956E+01  0.3480E+02
   7.210  0.2178E+01  0.3483E+02
   7.220  0.2410E+01  0.3485E+02
   7.230  0.2780E+01  0.3488E+02
   7.240  0.1430E+01  0.3489E+02
   7.250  0.2703E+01  0.3492E+02
   7.260  0.4049E+01  0.3496E+02
   7.270  0.3407E+01  0.3499E+02
   7.280  0.2067E+01  0.3502E+02
   7.290 -0.4655E-01  0.3501E+02
   7.300 -0.3060E+00  0.3501E+02
   7.310  0.1607E+00  0.3501E+02
   7.320  0.1421E+01  0.3503E+02
   7.330  0.3347E+01  0.3506E+02
   7.340  0.2841E+01  0.3509E+02
   7.350  0.1912E+01  0.3511E+02
   7.360  0.1877E+01  0.3513E+02
   7.370  0.2139E+01  0.3515E+02
   7.380  0.3085E+01  0.3518E+02
   7.390  0.1771E+01  0.3520E+02
   7.400  0.1120E+01  0.3521E+02
   7.410  0.1392E+01  0.3522E+02
   7.420  0.9686E+00  0.3523E+02
   7.430  0.5880E-01  0.3523E+02
   7.440 -0.1164E+00  0.3523E+02
   7.450  0.3203E+00  0.3523E+02
   7.460  0.1106E+01  0.3525E+02
   7.470  0.8715E+00  0.3525E+02
   7.480 -0.4167E-01  0.3525E+02
   7.490 -0.1031E+00  0.3525E+02
   7.500  0.8317E-01  0.3525E+02
   7.510  0.6403E+00  0.3526E+02
   7.520  0.1217E+01  0.3527E+02
   7.530  0.4467E+00  0.3528E+02
   7.540 -0.1476E+00  0.3528E+02
   7.550 -0.5544E-01  0.3527E+02
   7.560  0.2557E-01  0.3528E+02
   7.570  0.3265E+00  0.3528E+02
   7.580  0.1086E+01  0.3529E+02
   7.590  0.9061E+00  0.3530E+02
   7.600 -0.2383E-01  0.3530E+02
   7.610 -0.1125E+00  0.3530E+02
   7.620 -0.1434E-01  0.3530E+02
   7.630  0.1544E-01  0.3530E+02
   7.640  0.2222E+00  0.3530E+02
   7.650  0.9459E+00  0.3531E+02
   7.660  0.1073E+01  0.3532E+02
   7.670  0.1040E+00  0.3532E+02
   7.680 -0.1253E+00  0.3532E+02
   7.690  0.1592E+00  0.3532E+02
   7.700  0.8734E+00  0.3533E+02
   7.710  0.1153E+01  0.3534E+02
   7.720  0.4602E+00  0.3535E+02
   7.730  0.8921E+00  0.3535E+02
   7.740  0.9436E+00  0.3536E+02
   7.750  0.1708E-01  0.3536E+02
   7.760 -0.1225E+00  0.3536E+02
   7.770 -0.1801E-01  0.3536E+02
   7.780 -0.5759E-03  0.3536E+02
   7.790  0.5612E-02  0.3536E+02
   7.800  0.1117E+00  0.3536E+02
   7.810  0.6904E+00  0.3537E+02
   7.820  0.1210E+01  0.3538E+02
   7.830  0.3840E+00  0.3539E+02
   7.840 -0.1511E+00  0.3539E+02
   7.850 -0.4994E-01  0.3538E+02
   7.860 -0.3229E-02  0.3538E+02
   7.870  0.1340E-03  0.3538E+02
   7.880  0.9935E-02  0.3538E+02
   7.890  0.1635E+00  0.3539E+02
   7.900  0.8291E+00  0.3539E+02
   7.910  0.1157E+01  0.3541E+02
   7.920  0.2235E+00  0.3541E+02
   7.930 -0.1490E+00  0.3541E+02
   7.940 -0.3217E-01  0.3541E+02
   7.950  0.6718E-01  0.3541E+02
   7.960  0.5355E+00  0.3541E+02
   7.970  0.1218E+01  0.3542E+02
   7.980  0.7329E+00  0.3543E+02
   7.990  0.6518E+00  0.3544E+02
   8.000  0.1109E+01  0.3545E+02
   8.010  0.2699E+00  0.3545E+02
   8.020 -0.1516E+00  0.3545E+02
   8.030 -0.3967E-01  0.3545E+02
   8.040 -0.2223E-02  0.3545E+02
   8.050  0.6842E-04  0.3545E+02
   8.060  0.6241E-02  0.3545E+02
   8.070  0.1199E+00  0.3545E+02
   8.080  0.7184E+00  0.3546E+02
   8.090  0.1278E+01  0.3547E+02
   8.100  0.9087E+00  0.3548E+02
   8.110  0.1062E+01  0.3549E+02
   8.120  0.5143E+00  0.3550E+02
   8.130 -0.1375E+00  0.3550E+02
   8.140 -0.6854E-01  0.3549E+02
   8.150  0.2888E-02  0.3549E+02
   8.160  0.1467E+00  0.3550E+02
   8.170  0.7890E+00  0.3550E+02
   8.180  0.1178E+01  0.3552E+02
   8.190  0.2678E+00  0.3552E+02
   8.200 -0.1512E+00  0.3552E+02
   8.210 -0.3892E-01  0.3552E+02
   8.220 -0.2149E-02  0.3552E+02
   8.230  0.8713E-03  0.3552E+02
   8.240  0.3236E-01  0.3552E+02
   8.250  0.3862E+00  0.3552E+02
   8.260  0.1557E+01  0.3554E+02
   8.270  0.2083E+01  0.3556E+02
   8.280  0.6617E+00  0.3556E+02
   8.290 -0.2190E+00  0.3556E+02
   8.300 -0.9818E-01  0.3556E+02
   8.310 -0.8130E-02  0.3556E+02
   8.320  0.1610E-01  0.3556E+02
   8.330  0.2255E+00  0.3556E+02
   8.340  0.9516E+00  0.3557E+02
   8.350  0.1068E+01  0.3558E+02
   8.360  0.9828E-01  0.3558E+02
   8.370 -0.1365E+00  0.3558E+02
   8.380 -0.2435E-01  0.3558E+02
   8.390 -0.8837E-04  0.3558E+02
   8.400  0.3222E-01  0.3558E+02
   8.410  0.3445E+00  0.3559E+02
   8.420  0.1104E+01  0.3560E+02
   8.430  0.8779E+00  0.3561E+02
   8.440 -0.2078E-01  0.3561E+02
   8.450  0.1318E+00  0.3561E+02
   8.460  0.9622E+00  0.3562E+02
   8.470  0.1054E+01  0.3563E+02
   8.480  0.2408E+00  0.3563E+02
   8.490  0.7006E+00  0.3564E+02
   8.500  0.1132E+01  0.3565E+02
   8.510  0.2178E+00  0.3565E+02
   8.520 -0.1488E+00  0.3565E+02
   8.530 -0.3431E-01  0.3565E+02
   8.540  0.9301E-02  0.3565E+02
   8.550  0.1757E+00  0.3565E+02
   8.560  0.8564E+00  0.3566E+02
   8.570  0.1141E+01  0.3567E+02
   8.580  0.1944E+00  0.3567E+02
   8.590 -0.1456E+00  0.3567E+02
   8.600  0.1220E-01  0.3567E+02
   8.610  0.4548E+00  0.3568E+02
   8.620  0.1659E+01  0.3569E+02
   8.630  0.2588E+01  0.3572E+02
   8.640  0.1923E+01  0.3574E+02
   8.650  0.2735E+00  0.3574E+02
   8.660  0.1513E+00  0.3574E+02
   8.670  0.2035E+01  0.3576E+02
   8.680  0.3719E+01  0.3580E+02
   8.690  0.2327E+01  0.3582E+02
   8.700  0.5370E+00  0.3583E+02
   8.710 -0.1778E+00  0.3583E+02
   8.720  0.3563E-01  0.3583E+02
   8.730  0.9027E+00  0.3584E+02
   8.740  0.1825E+01  0.3585E+02
   8.750  0.1454E+01  0.3587E+02
   8.760  0.2724E+00  0.3587E+02
   8.770 -0.1468E+00  0.3587E+02
   8.780  0.4460E+00  0.3587E+02
   8.790  0.1976E+01  0.3589E+02
   8.800  0.2076E+01  0.3591E+02
   8.810  0.5021E+00  0.3592E+02
   8.820  0.1883E+01  0.3594E+02
   8.830  0.3511E+01  0.3597E+02
   8.840  0.1088E+01  0.3598E+02
   8.850 -0.3937E+00  0.3598E+02
   8.860  0.2588E+00  0.3598E+02
   8.870  0.1143E+01  0.3599E+02
   8.880  0.7825E+00  0.3600E+02
   8.890 -0.7921E-01  0.3600E+02
   8.900 -0.9561E-01  0.3600E+02
   8.910 -0.1038E-01  0.3600E+02
   8.920 -0.3009E-03  0.3600E+02
   8.930 -0.2666E-05  0.3600E+02
   8.940 -0.7558E-08  0.3600E+02
   8.950 -0.7000E-11  0.3600E+02
   8.960 -0.2143E-14  0.3600E+02
   8.970 -0.2183E-18  0.3600E+02
   8.980 -0.7439E-23  0.3600E+02
   8.990 -0.8501E-28  0.3600E+02
   9.000 -0.3266E-33  0.3600E+02
   9.010 -0.4224E-39  0.3600E+02
   9.020 -0.1842E-45  0.3600E+02
   9.030 -0.2712E-52  0.3600E+02
   9.040 -0.1348E-59  0.3600E+02
   9.050 -0.2266E-67  0.3600E+02
   9.060 -0.1288E-75  0.3600E+02
   9.070 -0.1255E-79  0.3600E+02
   9.080 -0.1255E-79  0.3600E+02
   9.090 -0.1256E-79  0.3600E+02
   9.100 -0.1256E-79  0.3600E+02
   9.110 -0.1257E-79  0.3600E+02
   9.120 -0.1257E-79  0.3600E+02
   9.130 -0.1258E-79  0.3600E+02
   9.140 -0.1258E-79  0.3600E+02
   9.150 -0.1259E-79  0.3600E+02
   9.160 -0.1259E-79  0.3600E+02
   9.170 -0.1260E-79  0.3600E+02
   9.180 -0.1260E-79  0.3600E+02
   9.190 -0.1261E-79  0.3600E+02
   9.200 -0.1261E-79  0.3600E+02
   9.210 -0.1262E-79  0.3600E+02
   9.220 -0.1262E-79  0.3600E+02
   9.230 -0.1263E-79  0.3600E+02
   9.240 -0.1263E-79  0.3600E+02
   9.250 -0.1264E-79  0.3600E+02
   9.260 -0.1264E-79  0.3600E+02
   9.270 -0.1265E-79  0.3600E+02
   9.280 -0.1266E-79  0.3600E+02
   9.290 -0.1266E-79  0.3600E+02
   9.300 -0.1267E-79  0.3600E+02
   9.310 -0.1267E-79  0.3600E+02
   9.320 -0.1268E-79  0.3600E+02
   9.330 -0.1268E-79  0.3600E+02
   9.340 -0.1269E-79  0.3600E+02
   9.350 -0.1269E-79  0.3600E+02
   9.360 -0.1270E-79  0.3600E+02
   9.370 -0.1270E-79  0.3600E+02
   9.380 -0.1271E-79  0.3600E+02
   9.390 -0.1271E-79  0.3600E+02
   9.400 -0.1272E-79  0.3600E+02
   9.410 -0.1272E-79  0.3600E+02
   9.420 -0.1273E-79  0.3600E+02
   9.430 -0.1273E-79  0.3600E+02
   9.440 -0.1274E-79  0.3600E+02
   9.450 -0.1274E-79  0.3600E+02
   9.460 -0.1275E-79  0.3600E+02
   9.470 -0.1275E-79  0.3600E+02
   9.480 -0.1276E-79  0.3600E+02
   9.490 -0.1276E-79  0.3600E+02
   9.500 -0.1277E-79  0.3600E+02
   9.510 -0.1277E-79  0.3600E+02
   9.520 -0.1278E-79  0.3600E+02
   9.530 -0.1278E-79  0.3600E+02
   9.540 -0.1279E-79  0.3600E+02
   9.550 -0.1279E-79  0.3600E+02
   9.560 -0.1280E-79  0.3600E+02
   9.570 -0.1280E-79  0.3600E+02
   9.580 -0.1281E-79  0.3600E+02
   9.590 -0.1281E-79  0.3600E+02
   9.600 -0.1282E-79  0.3600E+02
   9.610 -0.1282E-79  0.3600E+02
   9.620 -0.1283E-79  0.3600E+02
   9.630 -0.1283E-79  0.3600E+02
   9.640 -0.1284E-79  0.3600E+02
   9.650 -0.1284E-79  0.3600E+02
   9.660 -0.1285E-79  0.3600E+02
   9.670 -0.1285E-79  0.3600E+02
   9.680 -0.1286E-79  0.3600E+02
   9.690 -0.1286E-79  0.3600E+02
   9.700 -0.1287E-79  0.3600E+02
   9.710 -0.1287E-79  0.3600E+02
   9.720 -0.1288E-79  0.3600E+02
   9.730 -0.1288E-79  0.3600E+02
   9.740 -0.1289E-79  0.3600E+02
   9.750 -0.1289E-79  0.3600E+02
   9.760 -0.1290E-79  0.3600E+02
   9.770 -0.1290E-79  0.3600E+02
   9.780 -0.1291E-79  0.3600E+02
   9.790 -0.1291E-79  0.3600E+02
   9.800 -0.1292E-79  0.3600E+02
   9.810 -0.1292E-79  0.3600E+02
   9.820 -0.1293E-79  0.3600E+02
   9.830 -0.1293E-79  0.3600E+02
   9.840 -0.1294E-79  0.3600E+02
   9.850 -0.1294E-79  0.3600E+02
   9.860 -0.1295E-79  0.3600E+02
   9.870 -0.1295E-79  0.3600E+02
   9.880 -0.1296E-79  0.3600E+02
   9.890 -0.1296E-79  0.3600E+02
   9.900 -0.1297E-79  0.3600E+02
   9.910 -0.1297E-79  0.3600E+02
   9.920 -0.1298E-79  0.3600E+02
   9.930 -0.1298E-79  0.3600E+02
   9.940 -0.1299E-79  0.3600E+02
   9.950 -0.1299E-79  0.3600E+02
   9.960 -0.1300E-79  0.3600E+02
   9.970 -0.1300E-79  0.3600E+02
   9.980 -0.1301E-79  0.3600E+02
   9.990 -0.1301E-79  0.3600E+02
  10.000 -0.1302E-79  0.3600E+02
  10.010 -0.1302E-79  0.3600E+02
  10.020 -0.1303E-79  0.3600E+02
  10.030 -0.1303E-79  0.3600E+02
  10.040 -0.1304E-79  0.3600E+02
  10.050 -0.1304E-79  0.3600E+02
  10.060 -0.1305E-79  0.3600E+02
  10.070 -0.1305E-79  0.3600E+02
  10.080 -0.1306E-79  0.3600E+02
  10.090 -0.1306E-79  0.3600E+02
  10.100 -0.1307E-79  0.3600E+02
  10.110 -0.1307E-79  0.3600E+02
  10.120 -0.1308E-79  0.3600E+02
  10.130 -0.1308E-79  0.3600E+02
  10.140 -0.1309E-79  0.3600E+02
  10.150 -0.1309E-79  0.3600E+02
  10.160 -0.1310E-79  0.3600E+02
  10.170 -0.1310E-79  0.3600E+02
  10.180 -0.1311E-79  0.3600E+02
  10.190 -0.1311E-79  0.3600E+02
  10.200 -0.1312E-79  0.3600E+02
  10.210 -0.1312E-79  0.3600E+02
  10.220 -0.1313E-79  0.3600E+02
  10.230 -0.1313E-79  0.3600E+02
  10.240 -0.1314E-79  0.3600E+02
  10.250 -0.1314E-79  0.3600E+02
  10.260 -0.1315E-79  0.3600E+02
  10.270 -0.1315E-79  0.3600E+02
  10.280 -0.1316E-79  0.3600E+02
  10.290 -0.1316E-79  0.3600E+02
  10.300 -0.1317E-79  0.3600E+02
  10.310 -0.1317E-79  0.3600E+02
  10.320 -0.1318E-79  0.3600E+02
  10.330 -0.1318E-79  0.3600E+02
  10.340 -0.1319E-79  0.3600E+02
  10.350 -0.1319E-79  0.3600E+02
  10.360 -0.1320E-79  0.3600E+02
  10.370 -0.1320E-79  0.3600E+02
  10.380 -0.1321E-79  0.3600E+02
  10.390 -0.1321E-79  0.3600E+02
  10.400 -0.1322E-79  0.3600E+02
  10.410 -0.1322E-79  0.3600E+02
  10.420 -0.1323E-79  0.3600E+02
  10.430 -0.1323E-79  0.3600E+02
  10.440 -0.1324E-79  0.3600E+02
  10.450 -0.1324E-79  0.3600E+02
  10.460 -0.1325E-79  0.3600E+02
  10.470 -0.1325E-79  0.3600E+02
  10.480 -0.1326E-79  0.3600E+02
  10.490 -0.1326E-79  0.3600E+02
  10.500 -0.1327E-79  0.3600E+02
  10.510 -0.1327E-79  0.3600E+02
  10.520 -0.1328E-79  0.3600E+02
  10.530 -0.1328E-79  0.3600E+02
  10.540 -0.1329E-79  0.3600E+02
  10.550 -0.1329E-79  0.3600E+02
  10.560 -0.1330E-79  0.3600E+02
  10.570 -0.1330E-79  0.3600E+02
  10.580 -0.1331E-79  0.3600E+02
  10.590 -0.1331E-79  0.3600E+02
  10.600 -0.1332E-79  0.3600E+02
  10.610 -0.1332E-79  0.3600E+02
  10.620 -0.1333E-79  0.3600E+02
  10.630 -0.1333E-79  0.3600E+02
  10.640 -0.1334E-79  0.3600E+02
  10.650 -0.1334E-79  0.3600E+02
  10.660 -0.1335E-79  0.3600E+02
  10.670 -0.1335E-79  0.3600E+02
  10.680 -0.1336E-79  0.3600E+02
  10.690 -0.1336E-79  0.3600E+02
  10.700 -0.1337E-79  0.3600E+02
  10.710 -0.1337E-79  0.3600E+02
  10.720 -0.1338E-79  0.3600E+02
  10.730 -0.1338E-79  0.3600E+02
  10.740 -0.1339E-79  0.3600E+02
  10.750 -0.1339E-79  0.3600E+02
  10.760 -0.1340E-79  0.3600E+02
  10.770 -0.1340E-79  0.3600E+02
  10.780 -0.1341E-79  0.3600E+02
  10.790 -0.1341E-79  0.3600E+02
  10.800 -0.1342E-79  0.3600E+02
  10.810 -0.1342E-79  0.3600E+02
  10.820 -0.1343E-79  0.3600E+02
  10.830 -0.1343E-79  0.3600E+02
  10.840 -0.1344E-79  0.3600E+02
  10.850 -0.1344E-79  0.3600E+02
  10.860 -0.1345E-79  0.3600E+02
  10.870 -0.1345E-79  0.3600E+02
  10.880 -0.1346E-79  0.3600E+02
  10.890 -0.1346E-79  0.3600E+02
  10.900 -0.1347E-79  0.3600E+02
  10.910 -0.1347E-79  0.3600E+02
  10.920 -0.1348E-79  0.3600E+02
  10.930 -0.1348E-79  0.3600E+02
  10.940 -0.1349E-79  0.3600E+02
  10.950 -0.1349E-79  0.3600E+02
  10.960 -0.1350E-79  0.3600E+02
  10.970 -0.1350E-79  0.3600E+02
  10.980 -0.1351E-79  0.3600E+02
  10.990 -0.1351E-79  0.3600E+02
  11.000 -0.1352E-79  0.3600E+02
  11.010 -0.1352E-79  0.3600E+02
  11.020 -0.1353E-79  0.3600E+02
  11.030 -0.1353E-79  0.3600E+02
  11.040 -0.1354E-79  0.3600E+02
  11.050 -0.1354E-79  0.3600E+02
  11.060 -0.1355E-79  0.3600E+02
  11.070 -0.1355E-79  0.3600E+02
  11.080 -0.1356E-79  0.3600E+02
  11.090 -0.1356E-79  0.3600E+02
  11.100 -0.1357E-79  0.3600E+02
  11.110 -0.1357E-79  0.3600E+02
  11.120 -0.1358E-79  0.3600E+02
  11.130 -0.1358E-79  0.3600E+02
  11.140 -0.1359E-79  0.3600E+02
  11.150 -0.1359E-79  0.3600E+02
  11.160 -0.1360E-79  0.3600E+02
  11.170 -0.1360E-79  0.3600E+02
  11.180 -0.1361E-79  0.3600E+02
  11.190 -0.1361E-79  0.3600E+02
  11.200 -0.1362E-79  0.3600E+02
  11.210 -0.1362E-79  0.3600E+02
  11.220 -0.1363E-79  0.3600E+02
  11.230 -0.1363E-79  0.3600E+02
  11.240 -0.1364E-79  0.3600E+02
  11.250 -0.1364E-79  0.3600E+02
  11.260 -0.1365E-79  0.3600E+02
  11.270 -0.1365E-79  0.3600E+02
  11.280 -0.1366E-79  0.3600E+02
  11.290 -0.1366E-79  0.3600E+02
  11.300 -0.1367E-79  0.3600E+02
  11.310 -0.1367E-79  0.3600E+02
  11.320 -0.1368E-79  0.3600E+02
  11.330 -0.1368E-79  0.3600E+02
  11.340 -0.1369E-79  0.3600E+02
  11.350 -0.1369E-79  0.3600E+02
  11.360 -0.1370E-79  0.3600E+02
  11.370 -0.1370E-79  0.3600E+02
  11.380 -0.1371E-79  0.3600E+02
  11.390 -0.1371E-79  0.3600E+02
  11.400 -0.1372E-79  0.3600E+02
  11.410 -0.1372E-79  0.3600E+02
  11.420 -0.1373E-79  0.3600E+02
  11.430 -0.1373E-79  0.3600E+02
  11.440 -0.1374E-79  0.3600E+02
  11.450 -0.1374E-79  0.3600E+02
  11.460 -0.1375E-79  0.3600E+02
  11.470 -0.1375E-79  0.3600E+02
  11.480 -0.1376E-79  0.3600E+02
  11.490 -0.1376E-79  0.3600E+02
  11.500 -0.1377E-79  0.3600E+02
  11.510 -0.1377E-79  0.3600E+02
  11.520 -0.1378E-79  0.3600E+02
  11.530 -0.1378E-79  0.3600E+02
  11.540 -0.1379E-79  0.3600E+02
  11.550 -0.1379E-79  0.3600E+02
  11.560 -0.1380E-79  0.3600E+02
  11.570 -0.1380E-79  0.3600E+02
  11.580 -0.1381E-79  0.3600E+02
  11.590 -0.1381E-79  0.3600E+02
  11.600 -0.1382E-79  0.3600E+02
  11.610 -0.1382E-79  0.3600E+02
  11.620 -0.1383E-79  0.3600E+02
  11.630 -0.1383E-79  0.3600E+02
  11.640 -0.1384E-79  0.3600E+02
  11.650 -0.1384E-79  0.3600E+02
  11.660 -0.1385E-79  0.3600E+02
  11.670 -0.1385E-79  0.3600E+02
  11.680 -0.1386E-79  0.3600E+02
  11.690 -0.1386E-79  0.3600E+02
  11.700 -0.1387E-79  0.3600E+02
  11.710 -0.1387E-79  0.3600E+02
  11.720 -0.1388E-79  0.3600E+02
  11.730 -0.1388E-79  0.3600E+02
  11.740 -0.1389E-79  0.3600E+02
  11.750 -0.1389E-79  0.3600E+02
  11.760 -0.1390E-79  0.3600E+02
  11.770 -0.1390E-79  0.3600E+02
  11.780 -0.1391E-79  0.3600E+02
  11.790 -0.1391E-79  0.3600E+02
  11.800 -0.1392E-79  0.3600E+02
  11.810 -0.1392E-79  0.3600E+02
  11.820 -0.1393E-79  0.3600E+02
  11.830 -0.1393E-79  0.3600E+02
  11.840 -0.1394E-79  0.3600E+02
  11.850 -0.1394E-79  0.3600E+02
  11.860 -0.1395E-79  0.3600E+02
  11.870 -0.1395E-79  0.3600E+02
  11.880 -0.1396E-79  0.3600E+02
  11.890 -0.1396E-79  0.3600E+02
  11.900 -0.1397E-79  0.3600E+02
  11.910 -0.1397E-79  0.3600E+02
  11.920 -0.1398E-79  0.3600E+02
  11.930 -0.1398E-79  0.3600E+02
  11.940 -0.1399E-79  0.3600E+02
  11.950 -0.1399E-79  0.3600E+02
  11.960 -0.1400E-79  0.3600E+02
  11.970 -0.1400E-79  0.3600E+02
  11.980 -0.1401E-79  0.3600E+02
  11.990 -0.1401E-79  0.3600E+02
  12.000 -0.1402E-79  0.3600E+02
  12.010 -0.1402E-79  0.3600E+02
  12.020 -0.1403E-79  0.3600E+02
  12.030 -0.1403E-79  0.3600E+02
  12.040 -0.1404E-79  0.3600E+02
  12.050 -0.1404E-79  0.3600E+02
  12.060 -0.1405E-79  0.3600E+02
  12.070 -0.1405E-79  0.3600E+02
  12.080 -0.1406E-79  0.3600E+02
  12.090 -0.1406E-79  0.3600E+02
  12.100 -0.1407E-79  0.3600E+02
  12.110 -0.1407E-79  0.3600E+02
  12.120 -0.1408E-79  0.3600E+02
  12.130 -0.1408E-79  0.3600E+02
  12.140 -0.1409E-79  0.3600E+02
  12.150 -0.1409E-79  0.3600E+02
  12.160 -0.1410E-79  0.3600E+02
  12.170 -0.1410E-79  0.3600E+02
  12.180 -0.1411E-79  0.3600E+02
  12.190 -0.1411E-79  0.3600E+02
  12.200 -0.1412E-79  0.3600E+02
  12.210 -0.1412E-79  0.3600E+02
  12.220 -0.1413E-79  0.3600E+02
  12.230 -0.1413E-79  0.3600E+02
  12.240 -0.1414E-79  0.3600E+02
  12.250 -0.1414E-79  0.3600E+02
  12.260 -0.1415E-79  0.3600E+02
  12.270 -0.1415E-79  0.3600E+02
  12.280 -0.1416E-79  0.3600E+02
  12.290 -0.1416E-79  0.3600E+02
  12.300 -0.1417E-79  0.3600E+02
  12.310 -0.1417E-79  0.3600E+02
  12.320 -0.1418E-79  0.3600E+02
  12.330 -0.1418E-79  0.3600E+02
  12.340 -0.1419E-79  0.3600E+02
  12.350 -0.1419E-79  0.3600E+02
  12.360 -0.1420E-79  0.3600E+02
  12.370 -0.1420E-79  0.3600E+02
  12.380 -0.1421E-79  0.3600E+02
  12.390 -0.1421E-79  0.3600E+02
  12.400 -0.1422E-79  0.3600E+02
  12.410 -0.1422E-79  0.3600E+02
  12.420 -0.1423E-79  0.3600E+02
  12.430 -0.1423E-79  0.3600E+02
  12.440 -0.1424E-79  0.3600E+02
  12.450 -0.1424E-79  0.3600E+02
  12.460 -0.1425E-79  0.3600E+02
  12.470 -0.1425E-79  0.3600E+02
  12.480 -0.1426E-79  0.3600E+02
  12.490 -0.1426E-79  0.3600E+02
  12.500 -0.1427E-79  0.3600E+02
  12.510 -0.1427E-79  0.3600E+02
  12.520 -0.1428E-79  0.3600E+02
  12.530 -0.1428E-79  0.3600E+02
  12.540 -0.1429E-79  0.3600E+02
  12.550 -0.1429E-79  0.3600E+02
  12.560 -0.1430E-79  0.3600E+02
  12.570 -0.1430E-79  0.3600E+02
  12.580 -0.1431E-79  0.3600E+02
  12.590 -0.1431E-79  0.3600E+02
  12.600 -0.1432E-79  0.3600E+02
  12.610 -0.1432E-79  0.3600E+02
  12.620 -0.1433E-79  0.3600E+02
  12.630 -0.1433E-79  0.3600E+02
  12.640 -0.1434E-79  0.3600E+02
  12.650 -0.1434E-79  0.3600E+02
  12.660 -0.1435E-79  0.3600E+02
  12.670 -0.1435E-79  0.3600E+02
  12.680 -0.1436E-79  0.3600E+02
  12.690 -0.1436E-79  0.3600E+02
  12.700 -0.1437E-79  0.3600E+02
  12.710 -0.1437E-79  0.3600E+02
  12.720 -0.1438E-79  0.3600E+02
  12.730 -0.1438E-79  0.3600E+02
  12.740 -0.1439E-79  0.3600E+02
  12.750 -0.1439E-79  0.3600E+02
  12.760 -0.1440E-79  0.3600E+02
  12.770 -0.1440E-79  0.3600E+02
  12.780 -0.1441E-79  0.3600E+02
  12.790 -0.1441E-79  0.3600E+02
  12.800 -0.1442E-79  0.3600E+02
  12.810 -0.1442E-79  0.3600E+02
  12.820 -0.1443E-79  0.3600E+02
  12.830 -0.1443E-79  0.3600E+02
  12.840 -0.1444E-79  0.3600E+02
  12.850 -0.1444E-79  0.3600E+02
  12.860 -0.1445E-79  0.3600E+02
  12.870 -0.1445E-79  0.3600E+02
  12.880 -0.1446E-79  0.3600E+02
  12.890 -0.1446E-79  0.3600E+02
  12.900 -0.1447E-79  0.3600E+02
  12.910 -0.1447E-79  0.3600E+02
  12.920 -0.1448E-79  0.3600E+02
  12.930 -0.1448E-79  0.3600E+02
  12.940 -0.1449E-79  0.3600E+02
  12.950 -0.1449E-79  0.3600E+02
  12.960 -0.1450E-79  0.3600E+02
  12.970 -0.1450E-79  0.3600E+02
  12.980 -0.1451E-79  0.3600E+02
  12.990 -0.1451E-79  0.3600E+02
  13.000 -0.1452E-79  0.3600E+02
  13.010 -0.1452E-79  0.3600E+02
  13.020 -0.1453E-79  0.3600E+02
  13.030 -0.1453E-79  0.3600E+02
  13.040 -0.1454E-79  0.3600E+02
  13.050 -0.1454E-79  0.3600E+02
  13.060 -0.1455E-79  0.3600E+02
  13.070 -0.1455E-79  0.3600E+02
  13.080 -0.1456E-79  0.3600E+02
  13.090 -0.1456E-79  0.3600E+02
  13.100 -0.1457E-79  0.3600E+02
  13.110 -0.1457E-79  0.3600E+02
  13.120 -0.1458E-79  0.3600E+02
  13.130 -0.1458E-79  0.3600E+02
  13.140 -0.1459E-79  0.3600E+02
  13.150 -0.1459E-79  0.3600E+02
  13.160 -0.1460E-79  0.3600E+02
  13.170 -0.1460E-79  0.3600E+02
  13.180 -0.1461E-79  0.3600E+02
  13.190 -0.1461E-79  0.3600E+02
  13.200 -0.1462E-79  0.3600E+02
  13.210 -0.1462E-79  0.3600E+02
  13.220 -0.1463E-79  0.3600E+02
  13.230 -0.1463E-79  0.3600E+02
  13.240 -0.1464E-79  0.3600E+02
  13.250 -0.1464E-79  0.3600E+02
  13.260 -0.1465E-79  0.3600E+02
  13.270 -0.1465E-79  0.3600E+02
  13.280 -0.1466E-79  0.3600E+02
  13.290 -0.1466E-79  0.3600E+02
  13.300 -0.1467E-79  0.3600E+02
  13.310 -0.1467E-79  0.3600E+02
  13.320 -0.1468E-79  0.3600E+02
  13.330 -0.1468E-79  0.3600E+02
  13.340 -0.1469E-79  0.3600E+02
  13.350 -0.1469E-79  0.3600E+02
  13.360 -0.1470E-79  0.3600E+02
  13.370 -0.1470E-79  0.3600E+02
  13.380 -0.1471E-79  0.3600E+02
  13.390 -0.1471E-79  0.3600E+02
  13.400 -0.1472E-79  0.3600E+02
  13.410 -0.1472E-79  0.3600E+02
  13.420 -0.1473E-79  0.3600E+02
  13.430 -0.1473E-79  0.3600E+02
  13.440 -0.1474E-79  0.3600E+02
  13.450 -0.1474E-79  0.3600E+02
  13.460 -0.1475E-79  0.3600E+02
  13.470 -0.1475E-79  0.3600E+02
  13.480 -0.1476E-79  0.3600E+02
  13.490 -0.1476E-79  0.3600E+02
  13.500 -0.1477E-79  0.3600E+02
  13.510 -0.1477E-79  0.3600E+02
  13.520 -0.1478E-79  0.3600E+02
  13.530 -0.1478E-79  0.3600E+02
  13.540 -0.1479E-79  0.3600E+02
  13.550 -0.1479E-79  0.3600E+02
  13.560 -0.1480E-79  0.3600E+02
  13.570 -0.1480E-79  0.3600E+02
  13.580 -0.1481E-79  0.3600E+02
  13.590 -0.1481E-79  0.3600E+02
  13.600 -0.1482E-79  0.3600E+02
  13.610 -0.1482E-79  0.3600E+02
  13.620 -0.1483E-79  0.3600E+02
  13.630 -0.1483E-79  0.3600E+02
  13.640 -0.1484E-79  0.3600E+02
  13.650 -0.1484E-79  0.3600E+02
  13.660 -0.1485E-79  0.3600E+02
  13.670 -0.1485E-79  0.3600E+02
  13.680 -0.1486E-79  0.3600E+02
  13.690 -0.1486E-79  0.3600E+02
  13.700 -0.1487E-79  0.3600E+02
  13.710 -0.1487E-79  0.3600E+02
  13.720 -0.1488E-79  0.3600E+02
  13.730 -0.1488E-79  0.3600E+02
  13.740 -0.1489E-79  0.3600E+02
  13.750 -0.1489E-79  0.3600E+02
  13.760 -0.1490E-79  0.3600E+02
  13.770 -0.1490E-79  0.3600E+02
  13.780 -0.1491E-79  0.3600E+02
  13.790 -0.1491E-79  0.3600E+02
  13.800 -0.1492E-79  0.3600E+02
  13.810 -0.1492E-79  0.3600E+02
  13.820 -0.1493E-79  0.3600E+02
  13.830 -0.1493E-79  0.3600E+02
  13.840 -0.1494E-79  0.3600E+02
  13.850 -0.1494E-79  0.3600E+02
  13.860 -0.1495E-79  0.3600E+02
  13.870 -0.1495E-79  0.3600E+02
  13.880 -0.1496E-79  0.3600E+02
  13.890 -0.1496E-79  0.3600E+02
  13.900 -0.1497E-79  0.3600E+02
  13.910 -0.1497E-79  0.3600E+02
  13.920 -0.1498E-79  0.3600E+02
  13.930 -0.1498E-79  0.3600E+02
  13.940 -0.1499E-79  0.3600E+02
  13.950 -0.1499E-79  0.3600E+02
  13.960 -0.1500E-79  0.3600E+02
  13.970 -0.1500E-79  0.3600E+02
  13.980 -0.1501E-79  0.3600E+02
  13.990 -0.1501E-79  0.3600E+02
  14.000 -0.1502E-79  0.3600E+02
  14.010 -0.1502E-79  0.3600E+02
  14.020 -0.1503E-79  0.3600E+02
  14.030 -0.1504E-79  0.3600E+02
  14.040 -0.1504E-79  0.3600E+02
  14.050 -0.1505E-79  0.3600E+02
  14.060 -0.1505E-79  0.3600E+02
  14.070 -0.1506E-79  0.3600E+02
  14.080 -0.1506E-79  0.3600E+02
  14.090 -0.1507E-79  0.3600E+02
  14.100 -0.1507E-79  0.3600E+02
  14.110 -0.1508E-79  0.3600E+02
  14.120 -0.1508E-79  0.3600E+02
  14.130 -0.1509E-79  0.3600E+02
  14.140 -0.1509E-79  0.3600E+02
  14.150 -0.1510E-79  0.3600E+02
  14.160 -0.1510E-79  0.3600E+02
  14.170 -0.1511E-79  0.3600E+02
  14.180 -0.1511E-79  0.3600E+02
  14.190 -0.1512E-79  0.3600E+02
  14.200 -0.1512E-79  0.3600E+02
  14.210 -0.1513E-79  0.3600E+02
  14.220 -0.1513E-79  0.3600E+02
  14.230 -0.1514E-79  0.3600E+02
  14.240 -0.1514E-79  0.3600E+02
  14.250 -0.1515E-79  0.3600E+02
  14.260 -0.1515E-79  0.3600E+02
  14.270 -0.1516E-79  0.3600E+02
  14.280 -0.1516E-79  0.3600E+02
  14.290 -0.1517E-79  0.3600E+02
  14.300 -0.1517E-79  0.3600E+02
  14.310 -0.1518E-79  0.3600E+02
  14.320 -0.1518E-79  0.3600E+02
  14.330 -0.1519E-79  0.3600E+02
  14.340 -0.1519E-79  0.3600E+02
  14.350 -0.1520E-79  0.3600E+02
  14.360 -0.1520E-79  0.3600E+02
  14.370 -0.1521E-79  0.3600E+02
  14.380 -0.1521E-79  0.3600E+02
  14.390 -0.1522E-79  0.3600E+02
  14.400 -0.1522E-79  0.3600E+02
  14.410 -0.1523E-79  0.3600E+02
  14.420 -0.1523E-79  0.3600E+02
  14.430 -0.1524E-79  0.3600E+02
  14.440 -0.1524E-79  0.3600E+02
  14.450 -0.1525E-79  0.3600E+02
  14.460 -0.1525E-79  0.3600E+02
  14.470 -0.1526E-79  0.3600E+02
  14.480 -0.1526E-79  0.3600E+02
  14.490 -0.1527E-79  0.3600E+02
  14.500 -0.1527E-79  0.3600E+02
  14.510 -0.1528E-79  0.3600E+02
  14.520 -0.1528E-79  0.3600E+02
  14.530 -0.1529E-79  0.3600E+02
  14.540 -0.1529E-79  0.3600E+02
  14.550 -0.1530E-79  0.3600E+02
  14.560 -0.1530E-79  0.3600E+02
  14.570 -0.1531E-79  0.3600E+02
  14.580 -0.1531E-79  0.3600E+02
  14.590 -0.1532E-79  0.3600E+02
  14.600 -0.1532E-79  0.3600E+02
  14.610 -0.1533E-79  0.3600E+02
  14.620 -0.1533E-79  0.3600E+02
  14.630 -0.1534E-79  0.3600E+02
  14.640 -0.1534E-79  0.3600E+02
  14.650 -0.1535E-79  0.3600E+02
  14.660 -0.1535E-79  0.3600E+02
  14.670 -0.1536E-79  0.3600E+02
  14.680 -0.1536E-79  0.3600E+02
  14.690 -0.1537E-79  0.3600E+02
  14.700 -0.1537E-79  0.3600E+02
  14.710 -0.1538E-79  0.3600E+02
  14.720 -0.1538E-79  0.3600E+02
  14.730 -0.1539E-79  0.3600E+02
  14.740 -0.1539E-79  0.3600E+02
  14.750 -0.1540E-79  0.3600E+02
  14.760 -0.1540E-79  0.3600E+02
  14.770 -0.1541E-79  0.3600E+02
  14.780 -0.1541E-79  0.3600E+02
  14.790 -0.1542E-79  0.3600E+02
  14.800 -0.1542E-79  0.3600E+02
  14.810 -0.1543E-79  0.3600E+02
  14.820 -0.1543E-79  0.3600E+02
  14.830 -0.1544E-79  0.3600E+02
  14.840 -0.1544E-79  0.3600E+02
  14.850 -0.1545E-79  0.3600E+02
  14.860 -0.1545E-79  0.3600E+02
  14.870 -0.1546E-79  0.3600E+02
  14.880 -0.1546E-79  0.3600E+02
  14.890 -0.1547E-79  0.3600E+02
  14.900 -0.1547E-79  0.3600E+02
  14.910 -0.1548E-79  0.3600E+02
  14.920 -0.1548E-79  0.3600E+02
  14.930 -0.1549E-79  0.3600E+02
  14.940 -0.1549E-79  0.3600E+02
  14.950 -0.1550E-79  0.3600E+02
  14.960 -0.1550E-79  0.3600E+02
  14.970 -0.1551E-79  0.3600E+02
  14.980 -0.1551E-79  0.3600E+02
  14.990 -0.1552E-79  0.3600E+02
  15.000 -0.1552E-79  0.3600E+02
  15.010 -0.1553E-79  0.3600E+02
  15.020 -0.1553E-79  0.3600E+02
  15.030 -0.1554E-79  0.3600E+02
  15.040 -0.1554E-79  0.3600E+02
  15.050 -0.1555E-79  0.3600E+02
  15.060 -0.1555E-79  0.3600E+02
  15.070 -0.1556E-79  0.3600E+02
  15.080 -0.1556E-79  0.3600E+02
  15.090 -0.1557E-79  0.3600E+02
  15.100 -0.1557E-79  0.3600E+02
  15.110 -0.1558E-79  0.3600E+02
  15.120 -0.1558E-79  0.3600E+02
  15.130 -0.1559E-79  0.3600E+02
  15.140 -0.1559E-79  0.3600E+02
  15.150 -0.1560E-79  0.3600E+02
  15.160 -0.1560E-79  0.3600E+02
  15.170 -0.1561E-79  0.3600E+02
  15.180 -0.1561E-79  0.3600E+02
  15.190 -0.1562E-79  0.3600E+02
  15.200 -0.1562E-79  0.3600E+02
  15.210 -0.1563E-79  0.3600E+02
  15.220 -0.1563E-79  0.3600E+02
  15.230 -0.1564E-79  0.3600E+02
  15.240 -0.1564E-79  0.3600E+02
  15.250 -0.1565E-79  0.3600E+02
  15.260 -0.1565E-79  0.3600E+02
  15.270 -0.1566E-79  0.3600E+02
  15.280 -0.1566E-79  0.3600E+02
  15.290 -0.1567E-79  0.3600E+02
  15.300 -0.1567E-79  0.3600E+02
  15.310 -0.1568E-79  0.3600E+02
  15.320 -0.1568E-79  0.3600E+02
  15.330 -0.1569E-79  0.3600E+02
  15.340 -0.1569E-79  0.3600E+02
  15.350 -0.1570E-79  0.3600E+02
  15.360 -0.1570E-79  0.3600E+02
  15.370 -0.1571E-79  0.3600E+02
  15.380 -0.1571E-79  0.3600E+02
  15.390 -0.1572E-79  0.3600E+02
  15.400 -0.1572E-79  0.3600E+02
  15.410 -0.1573E-79  0.3600E+02
  15.420 -0.1573E-79  0.3600E+02
  15.430 -0.1574E-79  0.3600E+02
  15.440 -0.1574E-79  0.3600E+02
  15.450 -0.1575E-79  0.3600E+02
  15.460 -0.1575E-79  0.3600E+02
  15.470 -0.1576E-79  0.3600E+02
  15.480 -0.1576E-79  0.3600E+02
  15.490 -0.1577E-79  0.3600E+02
  15.500 -0.1577E-79  0.3600E+02
  15.510 -0.1578E-79  0.3600E+02
  15.520 -0.1578E-79  0.3600E+02
  15.530 -0.1579E-79  0.3600E+02
  15.540 -0.1579E-79  0.3600E+02
  15.550 -0.1580E-79  0.3600E+02
  15.560 -0.1580E-79  0.3600E+02
  15.570 -0.1581E-79  0.3600E+02
  15.580 -0.1581E-79  0.3600E+02
  15.590 -0.1582E-79  0.3600E+02
  15.600 -0.1582E-79  0.3600E+02
  15.610 -0.1583E-79  0.3600E+02
  15.620 -0.1583E-79  0.3600E+02
  15.630 -0.1584E-79  0.3600E+02
  15.640 -0.1584E-79  0.3600E+02
  15.650 -0.1585E-79  0.3600E+02
  15.660 -0.1585E-79  0.3600E+02
  15.670 -0.1586E-79  0.3600E+02
  15.680 -0.1586E-79  0.3600E+02
  15.690 -0.1587E-79  0.3600E+02
  15.700 -0.1587E-79  0.3600E+02
  15.710 -0.1588E-79  0.3600E+02
  15.720 -0.1588E-79  0.3600E+02
  15.730 -0.1589E-79  0.3600E+02
  15.740 -0.1589E-79  0.3600E+02
  15.750 -0.1590E-79  0.3600E+02
  15.760 -0.1590E-79  0.3600E+02
  15.770 -0.1591E-79  0.3600E+02
  15.780 -0.1591E-79  0.3600E+02
  15.790 -0.1592E-79  0.3600E+02
  15.800 -0.1592E-79  0.3600E+02
  15.810 -0.1593E-79  0.3600E+02
  15.820 -0.1593E-79  0.3600E+02
  15.830 -0.1594E-79  0.3600E+02
  15.840 -0.1594E-79  0.3600E+02
  15.850 -0.1595E-79  0.3600E+02
  15.860 -0.1595E-79  0.3600E+02
  15.870 -0.1596E-79  0.3600E+02
  15.880 -0.1596E-79  0.3600E+02
  15.890 -0.1597E-79  0.3600E+02
  15.900 -0.1597E-79  0.3600E+02
  15.910 -0.1598E-79  0.3600E+02
  15.920 -0.1598E-79  0.3600E+02
  15.930 -0.1599E-79  0.3600E+02
  15.940 -0.1599E-79  0.3600E+02
  15.950 -0.1600E-79  0.3600E+02
  15.960 -0.1600E-79  0.3600E+02
  15.970 -0.1601E-79  0.3600E+02
  15.980 -0.1601E-79  0.3600E+02
  15.990 -0.1602E-79  0.3600E+02
  16.000 -0.1602E-79  0.3600E+02
