 &plot nbnd=  42, nks=    91 /
            0.000000  0.000000  0.000000
  -69.530  -68.583  -36.163  -35.767  -35.761  -35.225  -34.737  -34.730  -21.251  -21.145
  -21.141  -21.140  -21.128  -21.127  -21.096  -20.288  -20.250  -20.249  -20.226  -20.226
  -20.207  -20.156  -19.679  -13.171   -7.884   -6.215   -6.162   -4.652   -3.501   -3.453
   -1.170   -0.642   -0.556   -0.421    1.819    1.856    2.264    2.301    2.308    4.107
    4.438    4.742
            0.021216  0.000038  0.000000
  -69.530  -68.583  -36.163  -35.769  -35.762  -35.225  -34.739  -34.731  -21.251  -21.145
  -21.141  -21.140  -21.128  -21.127  -21.096  -20.288  -20.250  -20.249  -20.226  -20.226
  -20.207  -20.156  -19.676  -13.168   -7.876   -6.221   -6.160   -4.639   -3.524   -3.461
   -1.170   -0.659   -0.557   -0.401    1.809    1.863    2.260    2.304    2.330    4.115
    4.457    4.751
            0.042431  0.000077  0.000000
  -69.529  -68.583  -36.161  -35.776  -35.764  -35.224  -34.744  -34.733  -21.250  -21.145
  -21.141  -21.140  -21.128  -21.127  -21.096  -20.287  -20.250  -20.249  -20.226  -20.226
  -20.206  -20.156  -19.669  -13.159   -7.852   -6.240   -6.153   -4.602   -3.597   -3.480
   -1.171   -0.707   -0.547   -0.355    1.779    1.886    2.260    2.308    2.390    4.139
    4.511    4.777
            0.063647  0.000115  0.000000
  -69.529  -68.582  -36.158  -35.788  -35.767  -35.222  -34.754  -34.736  -21.248  -21.144
  -21.141  -21.140  -21.129  -21.127  -21.097  -20.287  -20.250  -20.250  -20.226  -20.226
  -20.206  -20.157  -19.658  -13.143   -7.813   -6.271   -6.136   -4.546   -3.714   -3.509
   -1.177   -0.776   -0.528   -0.291    1.735    1.923    2.265    2.318    2.480    4.180
    4.593    4.822
            0.084862  0.000154  0.000000
  -69.528  -68.582  -36.154  -35.805  -35.771  -35.221  -34.767  -34.739  -21.246  -21.144
  -21.141  -21.140  -21.129  -21.128  -21.098  -20.287  -20.251  -20.250  -20.227  -20.225
  -20.205  -20.158  -19.643  -13.121   -7.759   -6.310   -6.112   -4.475   -3.865   -3.550
   -1.186   -0.860   -0.510   -0.210    1.690    1.971    2.263    2.342    2.602    4.237
    4.692    4.885
            0.106078  0.000192  0.000000
  -69.527  -68.581  -36.150  -35.825  -35.775  -35.218  -34.783  -34.743  -21.244  -21.144
  -21.142  -21.139  -21.129  -21.128  -21.099  -20.286  -20.251  -20.250  -20.227  -20.225
  -20.204  -20.159  -19.624  -13.094   -7.692   -6.351   -6.081   -4.395   -4.038   -3.605
   -1.194   -0.954   -0.499   -0.108    1.653    2.025    2.251    2.379    2.755    4.311
    4.800    4.968
            0.127293  0.000231  0.000000
  -69.525  -68.579  -36.144  -35.850  -35.781  -35.216  -34.803  -34.749  -21.241  -21.144
  -21.141  -21.138  -21.130  -21.128  -21.100  -20.286  -20.252  -20.250  -20.227  -20.225
  -20.203  -20.160  -19.602  -13.060   -7.611   -6.391   -6.047   -4.315   -4.222   -3.673
   -1.201   -1.057   -0.497    0.011    1.631    2.085    2.235    2.422    2.935    4.402
    4.912    5.070
            0.148509  0.000269  0.000000
  -69.524  -68.578  -36.137  -35.877  -35.788  -35.213  -34.825  -34.755  -21.237  -21.144
  -21.141  -21.138  -21.131  -21.128  -21.102  -20.285  -20.253  -20.250  -20.227  -20.224
  -20.201  -20.161  -19.577  -13.021   -7.519   -6.427   -6.011   -4.420   -4.230   -3.753
   -1.216   -1.153   -0.499    0.145    1.628    2.145    2.221    2.468    3.138    4.510
    5.029    5.189
            0.169724  0.000308  0.000000
  -69.522  -68.577  -36.130  -35.907  -35.796  -35.210  -34.849  -34.762  -21.234  -21.145
  -21.140  -21.137  -21.131  -21.129  -21.103  -20.284  -20.254  -20.251  -20.227  -20.223
  -20.200  -20.163  -19.551  -12.977   -7.418   -6.455   -5.977   -4.610   -4.162   -3.841
   -1.304   -1.175   -0.495    0.290    1.641    2.179    2.241    2.515    3.357    4.636
    5.153    5.319
            0.190940  0.000346  0.000000
  -69.521  -68.575  -36.122  -35.939  -35.805  -35.207  -34.876  -34.770  -21.230  -21.145
  -21.139  -21.136  -21.132  -21.129  -21.105  -20.283  -20.254  -20.251  -20.227  -20.223
  -20.198  -20.165  -19.523  -12.927   -7.309   -6.475   -5.950   -4.790   -4.123   -3.917
   -1.418   -1.172   -0.479    0.444    1.665    2.183    2.305    2.564    3.587    4.781
    5.287    5.459
            0.212155  0.000385  0.000000
  -69.519  -68.573  -36.114  -35.972  -35.816  -35.204  -34.903  -34.779  -21.226  -21.145
  -21.139  -21.135  -21.133  -21.129  -21.107  -20.282  -20.255  -20.251  -20.227  -20.222
  -20.196  -20.166  -19.495  -12.872   -7.195   -6.486   -5.938   -4.949   -4.156   -3.940
   -1.529   -1.169   -0.443    0.604    1.689    2.200    2.377    2.618    3.822    4.943
    5.430    5.606
            0.233371  0.000423  0.000000
  -69.517  -68.571  -36.105  -36.006  -35.827  -35.201  -34.931  -34.789  -21.221  -21.146
  -21.138  -21.134  -21.134  -21.129  -21.109  -20.282  -20.256  -20.252  -20.228  -20.221
  -20.194  -20.168  -19.466  -12.813   -7.080   -6.486   -5.951   -5.077   -4.251   -3.918
   -1.631   -1.172   -0.385    0.769    1.703    2.244    2.445    2.685    4.060    5.124
    5.582    5.759
            0.254586  0.000462  0.000000
  -69.515  -68.569  -36.096  -36.040  -35.839  -35.198  -34.959  -34.800  -21.217  -21.146
  -21.137  -21.135  -21.133  -21.129  -21.111  -20.281  -20.257  -20.252  -20.228  -20.220
  -20.192  -20.170  -19.438  -12.750   -6.969   -6.477   -5.994   -5.163   -4.364   -3.894
   -1.719   -1.182   -0.305    0.936    1.703    2.315    2.506    2.773    4.297    5.321
    5.739    5.916
            0.275802  0.000500  0.000000
  -69.512  -68.567  -36.087  -36.073  -35.853  -35.195  -34.986  -34.812  -21.213  -21.146
  -21.137  -21.135  -21.132  -21.129  -21.113  -20.280  -20.258  -20.252  -20.228  -20.220
  -20.190  -20.172  -19.411  -12.683   -6.867   -6.461   -6.062   -5.209   -4.480   -3.881
   -1.786   -1.195   -0.207    1.099    1.694    2.408    2.562    2.887    4.531    5.534
    5.888    6.080
            0.297017  0.000539  0.000000
  -69.510  -68.565  -36.107  -36.077  -35.868  -35.192  -35.013  -34.824  -21.209  -21.146
  -21.137  -21.135  -21.131  -21.128  -21.115  -20.279  -20.259  -20.253  -20.228  -20.219
  -20.188  -20.174  -19.385  -12.612   -6.781   -6.451   -6.127   -5.225   -4.593   -3.881
   -1.832   -1.210   -0.097    1.252    1.684    2.508    2.623    3.026    4.761    5.761
    6.009    6.259
            0.318233  0.000577  0.000000
  -69.508  -68.563  -36.138  -36.067  -35.883  -35.189  -35.039  -34.838  -21.206  -21.146
  -21.138  -21.134  -21.130  -21.128  -21.117  -20.278  -20.260  -20.253  -20.228  -20.218
  -20.187  -20.176  -19.361  -12.540   -6.720   -6.473   -6.146   -5.226   -4.698   -3.897
   -1.853   -1.225    0.021    1.379    1.686    2.596    2.708    3.188    4.983    5.995
    6.086    6.389
            0.339448  0.000616  0.000000
  -69.506  -68.562  -36.166  -36.058  -35.900  -35.187  -35.063  -34.852  -21.202  -21.146
  -21.139  -21.134  -21.129  -21.127  -21.119  -20.277  -20.261  -20.254  -20.228  -20.217
  -20.185  -20.178  -19.338  -12.465   -6.698   -6.519   -6.105   -5.224   -4.790   -3.926
   -1.851   -1.238    0.146    1.454    1.723    2.664    2.824    3.370    5.193    6.110
    6.229    6.421
            0.360664  0.000654  0.000000
  -69.504  -68.560  -36.193  -36.049  -35.918  -35.184  -35.085  -34.867  -21.199  -21.146
  -21.139  -21.134  -21.128  -21.126  -21.120  -20.276  -20.262  -20.254  -20.228  -20.217
  -20.183  -20.180  -19.317  -12.390   -6.741   -6.533   -6.032   -5.229   -4.861   -3.966
   -1.828   -1.248    0.275    1.472    1.796    2.722    2.956    3.570    5.379    6.108
    6.367    6.568
            0.381879  0.000693  0.000000
  -69.502  -68.558  -36.216  -36.041  -35.936  -35.182  -35.104  -34.883  -21.196  -21.146
  -21.140  -21.135  -21.127  -21.125  -21.122  -20.275  -20.262  -20.255  -20.227  -20.216
  -20.182  -20.180  -19.298  -12.316   -6.822   -6.518   -5.950   -5.251   -4.904   -4.014
   -1.786   -1.254    0.407    1.462    1.876    2.772    3.092    3.786    5.518    6.108
    6.423    6.823
            0.403095  0.000731  0.000000
  -69.500  -68.556  -36.236  -36.033  -35.956  -35.180  -35.121  -34.899  -21.193  -21.146
  -21.140  -21.135  -21.127  -21.124  -21.123  -20.274  -20.263  -20.255  -20.227  -20.216
  -20.183  -20.179  -19.280  -12.243   -6.906   -6.499   -5.872   -5.291   -4.915   -4.068
   -1.730   -1.253    0.539    1.442    1.946    2.810    3.222    4.016    5.580    6.132
    6.490    7.103
            0.424310  0.000769  0.000000
  -69.499  -68.555  -36.253  -36.026  -35.975  -35.178  -35.135  -34.916  -21.191  -21.145
  -21.140  -21.136  -21.127  -21.125  -21.121  -20.273  -20.263  -20.256  -20.227  -20.216
  -20.185  -20.178  -19.265  -12.174   -6.980   -6.482   -5.805   -5.339   -4.902   -4.127
   -1.666   -1.245    0.671    1.419    2.001    2.830    3.335    4.258    5.564    6.170
    6.595    7.398
            0.445526  0.000808  0.000000
  -69.497  -68.553  -36.265  -36.020  -35.995  -35.176  -35.146  -34.933  -21.188  -21.145
  -21.140  -21.136  -21.128  -21.126  -21.120  -20.273  -20.263  -20.256  -20.227  -20.216
  -20.186  -20.176  -19.250  -12.109   -7.038   -6.470   -5.761   -5.378   -4.874   -4.189
   -1.599   -1.224    0.800    1.398    2.041    2.828    3.422    4.506    5.497    6.205
    6.733    7.703
            0.466741  0.000846  0.000000
  -69.496  -68.552  -36.274  -36.023  -36.007  -35.175  -35.153  -34.951  -21.186  -21.145
  -21.140  -21.136  -21.129  -21.126  -21.119  -20.272  -20.264  -20.257  -20.226  -20.216
  -20.188  -20.175  -19.237  -12.050   -7.077   -6.464   -5.757   -5.388   -4.838   -4.254
   -1.534   -1.190    0.923    1.378    2.067    2.802    3.477    4.747    5.414    6.241
    6.873    7.967
            0.487957  0.000885  0.000000
  -69.494  -68.551  -36.279  -36.042  -36.004  -35.173  -35.158  -34.969  -21.185  -21.144
  -21.140  -21.137  -21.130  -21.127  -21.117  -20.271  -20.264  -20.258  -20.226  -20.216
  -20.189  -20.174  -19.226  -11.997   -7.096   -6.461   -5.798   -5.359   -4.801   -4.320
   -1.475   -1.141    1.036    1.362    2.078    2.752    3.503    4.930    5.381    6.282
    6.993    8.107
            0.509172  0.000923  0.000000
  -69.493  -68.550  -36.280  -36.064  -36.000  -35.172  -35.159  -34.987  -21.183  -21.144
  -21.140  -21.137  -21.131  -21.127  -21.116  -20.271  -20.264  -20.258  -20.226  -20.216
  -20.190  -20.173  -19.216  -11.952   -7.093   -6.462   -5.871   -5.302   -4.767   -4.387
   -1.421   -1.082    1.137    1.351    2.072    2.685    3.504    4.957    5.504    6.328
    7.079    8.268
            0.530388  0.000962  0.000000
  -69.493  -68.549  -36.277  -36.086  -35.996  -35.171  -35.158  -35.005  -21.181  -21.144
  -21.139  -21.138  -21.132  -21.128  -21.115  -20.270  -20.264  -20.259  -20.225  -20.216
  -20.191  -20.172  -19.207  -11.915   -7.069   -6.464   -5.963   -5.230   -4.739   -4.457
   -1.372   -1.018    1.220    1.347    2.042    2.613    3.489    4.888    5.732    6.374
    7.136    8.462
            0.551603  0.001000  0.000000
  -69.492  -68.548  -36.271  -36.108  -35.992  -35.169  -35.154  -35.023  -21.180  -21.143
  -21.139  -21.138  -21.133  -21.129  -21.114  -20.270  -20.263  -20.259  -20.225  -20.216
  -20.192  -20.171  -19.200  -11.885   -7.023   -6.468   -6.067   -5.149   -4.719   -4.527
   -1.324   -0.958    1.277    1.358    1.982    2.556    3.465    4.809    5.978    6.417
    7.173    8.671
            0.572819  0.001039  0.000000
  -69.491  -68.548  -36.261  -36.129  -35.990  -35.168  -35.147  -35.040  -21.179  -21.143
  -21.140  -21.138  -21.134  -21.130  -21.114  -20.270  -20.263  -20.260  -20.225  -20.216
  -20.192  -20.171  -19.195  -11.864   -6.958   -6.470   -6.179   -5.063   -4.709   -4.597
   -1.278   -0.910    1.302    1.391    1.894    2.523    3.441    4.742    6.209    6.454
    7.199    8.869
            0.594034  0.001077  0.000000
  -69.491  -68.547  -36.250  -36.149  -35.988  -35.168  -35.139  -35.056  -21.178  -21.142
  -21.140  -21.138  -21.135  -21.130  -21.113  -20.269  -20.263  -20.261  -20.224  -20.217
  -20.193  -20.170  -19.190  -11.849   -6.878   -6.471   -6.294   -4.974   -4.712   -4.663
   -1.236   -0.879    1.320    1.418    1.802    2.512    3.420    4.693    6.394    6.489
    7.226    8.827
            0.615250  0.001116  0.000000
  -69.491  -68.547  -36.238  -36.165  -35.987  -35.167  -35.131  -35.068  -21.178  -21.142
  -21.140  -21.138  -21.135  -21.131  -21.113  -20.269  -20.262  -20.261  -20.224  -20.217
  -20.193  -20.170  -19.188  -11.841   -6.792   -6.469   -6.403   -4.888   -4.751   -4.699
   -1.203   -0.867    1.344    1.418    1.740    2.511    3.407    4.665    6.479    6.550
    7.255    8.678
            0.636465  0.001154  0.000000
  -69.491  -68.547  -36.233  -36.173  -35.987  -35.167  -35.127  -35.074  -21.178  -21.142
  -21.140  -21.138  -21.135  -21.131  -21.113  -20.269  -20.262  -20.261  -20.224  -20.217
  -20.193  -20.170  -19.187  -11.838   -6.744   -6.469   -6.459   -4.837   -4.792   -4.706
   -1.190   -0.865    1.369    1.396    1.724    2.513    3.402    4.656    6.494    6.587
    7.271    8.619
            0.631134 -0.008072  0.000000
  -69.491  -68.547  -36.234  -36.171  -35.987  -35.167  -35.128  -35.072  -21.178  -21.142
  -21.140  -21.138  -21.135  -21.131  -21.113  -20.269  -20.262  -20.261  -20.224  -20.217
  -20.193  -20.170  -19.187  -11.839   -6.760   -6.464   -6.446   -4.844   -4.785   -4.706
   -1.193   -0.866    1.359    1.406    1.725    2.511    3.403    4.658    6.491    6.575
    7.265    8.636
            0.625804 -0.017298  0.000000
  -69.491  -68.547  -36.239  -36.165  -35.987  -35.167  -35.131  -35.068  -21.178  -21.142
  -21.140  -21.138  -21.135  -21.131  -21.113  -20.269  -20.262  -20.261  -20.224  -20.217
  -20.193  -20.170  -19.188  -11.841   -6.801   -6.457   -6.405   -4.875   -4.768   -4.695
   -1.206   -0.863    1.336    1.431    1.732    2.510    3.407    4.664    6.472    6.559
    7.249    8.677
            0.620473 -0.026524  0.000000
  -69.491  -68.547  -36.245  -36.156  -35.988  -35.168  -35.136  -35.061  -21.178  -21.142
  -21.140  -21.138  -21.135  -21.131  -21.113  -20.269  -20.263  -20.261  -20.224  -20.217
  -20.193  -20.170  -19.189  -11.844   -6.857   -6.450   -6.347   -4.908   -4.766   -4.667
   -1.230   -0.855    1.314    1.460    1.744    2.508    3.413    4.674    6.429    6.549
    7.225    8.734
            0.615143 -0.035749  0.000000
  -69.491  -68.547  -36.253  -36.146  -35.988  -35.168  -35.141  -35.053  -21.178  -21.142
  -21.140  -21.138  -21.134  -21.131  -21.113  -20.269  -20.263  -20.260  -20.224  -20.217
  -20.193  -20.170  -19.191  -11.847   -6.921   -6.442   -6.279   -4.942   -4.773   -4.634
   -1.265   -0.842    1.296    1.490    1.758    2.508    3.421    4.688    6.361    6.545
    7.198    8.791
            0.609812 -0.044975  0.000000
  -69.491  -68.548  -36.261  -36.134  -35.989  -35.168  -35.147  -35.044  -21.179  -21.142
  -21.140  -21.137  -21.134  -21.131  -21.113  -20.269  -20.263  -20.260  -20.224  -20.216
  -20.192  -20.171  -19.192  -11.851   -6.988   -6.433   -6.206   -4.974   -4.784   -4.599
   -1.308   -0.824    1.281    1.520    1.776    2.509    3.431    4.705    6.276    6.544
    7.171    8.826
            0.604481 -0.054201  0.000000
  -69.491  -68.548  -36.270  -36.122  -35.990  -35.169  -35.154  -35.034  -21.179  -21.142
  -21.140  -21.137  -21.133  -21.130  -21.114  -20.269  -20.263  -20.260  -20.225  -20.216
  -20.192  -20.171  -19.195  -11.856   -7.057   -6.423   -6.129   -5.007   -4.797   -4.565
   -1.358   -0.802    1.270    1.548    1.798    2.512    3.442    4.726    6.179    6.544
    7.145    8.823
            0.599151 -0.063427  0.000000
  -69.491  -68.548  -36.279  -36.109  -35.991  -35.170  -35.159  -35.024  -21.180  -21.142
  -21.140  -21.137  -21.133  -21.130  -21.114  -20.270  -20.264  -20.259  -20.225  -20.216
  -20.192  -20.171  -19.197  -11.861   -7.128   -6.411   -6.050   -5.038   -4.811   -4.533
   -1.412   -0.778    1.263    1.572    1.824    2.517    3.455    4.748    6.073    6.544
    7.121    8.792
            0.593820 -0.072653  0.000000
  -69.492  -68.548  -36.287  -36.096  -35.992  -35.173  -35.163  -35.013  -21.180  -21.142
  -21.140  -21.137  -21.132  -21.130  -21.114  -20.270  -20.264  -20.259  -20.225  -20.216
  -20.192  -20.171  -19.200  -11.866   -7.198   -6.398   -5.971   -5.068   -4.825   -4.504
   -1.469   -0.751    1.260    1.590    1.857    2.524    3.468    4.771    5.962    6.544
    7.099    8.746
            0.588489 -0.081879  0.000000
  -69.492  -68.548  -36.296  -36.082  -35.993  -35.178  -35.166  -35.002  -21.181  -21.143
  -21.140  -21.137  -21.132  -21.129  -21.114  -20.270  -20.264  -20.259  -20.225  -20.216
  -20.191  -20.171  -19.203  -11.872   -7.269   -6.383   -5.891   -5.097   -4.840   -4.477
   -1.526   -0.723    1.261    1.603    1.895    2.535    3.482    4.793    5.850    6.544
    7.079    8.690
            0.583159 -0.091105  0.000000
  -69.492  -68.549  -36.304  -36.068  -35.994  -35.184  -35.167  -34.991  -21.182  -21.143
  -21.140  -21.137  -21.131  -21.129  -21.114  -20.270  -20.264  -20.258  -20.225  -20.215
  -20.191  -20.171  -19.207  -11.878   -7.338   -6.367   -5.813   -5.124   -4.856   -4.452
   -1.583   -0.694    1.266    1.610    1.937    2.548    3.496    4.811    5.741    6.544
    7.061    8.629
            0.577828 -0.100331  0.000000
  -69.492  -68.549  -36.313  -36.055  -35.995  -35.190  -35.167  -34.980  -21.183  -21.143
  -21.140  -21.136  -21.131  -21.129  -21.115  -20.270  -20.265  -20.258  -20.226  -20.215
  -20.191  -20.172  -19.211  -11.884   -7.407   -6.350   -5.738   -5.149   -4.871   -4.428
   -1.640   -0.665    1.273    1.613    1.983    2.563    3.508    4.821    5.640    6.543
    7.044    8.563
            0.572497 -0.109557  0.000000
  -69.493  -68.549  -36.320  -36.041  -35.996  -35.195  -35.168  -34.969  -21.183  -21.143
  -21.140  -21.136  -21.130  -21.128  -21.115  -20.271  -20.265  -20.258  -20.226  -20.215
  -20.190  -20.172  -19.215  -11.890   -7.474   -6.331   -5.667   -5.172   -4.885   -4.407
   -1.695   -0.635    1.283    1.614    2.031    2.581    3.520    4.819    5.555    6.543
    7.029    8.494
            0.567167 -0.118783  0.000000
  -69.493  -68.549  -36.328  -36.028  -35.997  -35.201  -35.169  -34.959  -21.184  -21.143
  -21.140  -21.136  -21.129  -21.128  -21.115  -20.271  -20.265  -20.257  -20.226  -20.215
  -20.190  -20.172  -19.219  -11.895   -7.540   -6.310   -5.604   -5.191   -4.898   -4.386
   -1.749   -0.605    1.295    1.615    2.080    2.601    3.531    4.798    5.491    6.542
    7.014    8.420
            0.561836 -0.128009  0.000000
  -69.493  -68.550  -36.335  -36.015  -35.998  -35.207  -35.169  -34.948  -21.185  -21.144
  -21.140  -21.135  -21.129  -21.127  -21.115  -20.271  -20.265  -20.257  -20.226  -20.214
  -20.190  -20.172  -19.223  -11.901   -7.603   -6.288   -5.550   -5.205   -4.910   -4.365
   -1.801   -0.575    1.308    1.617    2.129    2.623    3.539    4.754    5.453    6.540
    7.001    8.342
            0.556505 -0.137235  0.000000
  -69.493  -68.550  -36.342  -36.004  -35.999  -35.212  -35.169  -34.938  -21.186  -21.144
  -21.140  -21.135  -21.128  -21.127  -21.116  -20.271  -20.266  -20.257  -20.226  -20.214
  -20.189  -20.173  -19.227  -11.907   -7.665   -6.264   -5.509   -5.214   -4.918   -4.342
   -1.851   -0.546    1.322    1.621    2.178    2.646    3.545    4.689    5.440    6.538
    6.989    8.260
            0.551175 -0.146461  0.000000
  -69.494  -68.550  -36.349  -36.002  -35.989  -35.217  -35.170  -34.928  -21.187  -21.144
  -21.140  -21.135  -21.128  -21.126  -21.116  -20.271  -20.266  -20.257  -20.227  -20.214
  -20.189  -20.173  -19.232  -11.913   -7.723   -6.239   -5.483   -5.217   -4.923   -4.318
   -1.899   -0.517    1.336    1.630    2.225    2.669    3.547    4.609    5.446    6.536
    6.978    8.174
            0.545844 -0.155686  0.000000
  -69.494  -68.550  -36.355  -36.003  -35.978  -35.222  -35.170  -34.918  -21.188  -21.144
  -21.140  -21.134  -21.128  -21.125  -21.116  -20.272  -20.266  -20.256  -20.227  -20.214
  -20.189  -20.173  -19.236  -11.918   -7.779   -6.212   -5.471   -5.218   -4.922   -4.290
   -1.947   -0.489    1.349    1.642    2.271    2.693    3.545    4.521    5.466    6.532
    6.968    8.085
            0.540514 -0.164912  0.000000
  -69.494  -68.550  -36.361  -36.004  -35.967  -35.226  -35.171  -34.909  -21.189  -21.145
  -21.140  -21.134  -21.127  -21.125  -21.116  -20.272  -20.266  -20.256  -20.227  -20.213
  -20.188  -20.173  -19.240  -11.923   -7.831   -6.184   -5.472   -5.219   -4.916   -4.258
   -1.992   -0.462    1.360    1.660    2.315    2.716    3.539    4.431    5.495    6.527
    6.961    7.994
            0.535183 -0.174138  0.000000
  -69.494  -68.551  -36.366  -36.005  -35.956  -35.231  -35.171  -34.900  -21.189  -21.145
  -21.140  -21.134  -21.127  -21.124  -21.117  -20.272  -20.266  -20.256  -20.227  -20.213
  -20.188  -20.173  -19.244  -11.928   -7.880   -6.154   -5.480   -5.224   -4.906   -4.222
   -2.037   -0.437    1.370    1.684    2.358    2.738    3.527    4.343    5.527    6.520
    6.956    7.904
            0.529852 -0.183364  0.000000
  -69.494  -68.551  -36.371  -36.006  -35.946  -35.234  -35.171  -34.892  -21.190  -21.145
  -21.140  -21.134  -21.126  -21.124  -21.117  -20.272  -20.266  -20.256  -20.227  -20.213
  -20.188  -20.174  -19.248  -11.933   -7.926   -6.123   -5.494   -5.234   -4.894   -4.182
   -2.080   -0.412    1.378    1.712    2.398    2.759    3.508    4.262    5.560    6.512
    6.954    7.815
            0.524522 -0.192590  0.000000
  -69.495  -68.551  -36.375  -36.007  -35.937  -35.238  -35.172  -34.885  -21.191  -21.145
  -21.140  -21.133  -21.126  -21.123  -21.117  -20.272  -20.267  -20.255  -20.227  -20.213
  -20.187  -20.174  -19.252  -11.937   -7.968   -6.091   -5.511   -5.247   -4.881   -4.138
   -2.122   -0.390    1.385    1.744    2.437    2.779    3.482    4.190    5.593    6.502
    6.956    7.731
            0.519191 -0.201816  0.000000
  -69.495  -68.551  -36.380  -36.008  -35.929  -35.241  -35.172  -34.878  -21.191  -21.145
  -21.140  -21.133  -21.126  -21.123  -21.117  -20.272  -20.267  -20.255  -20.228  -20.213
  -20.187  -20.174  -19.255  -11.941   -8.006   -6.057   -5.531   -5.263   -4.870   -4.091
   -2.163   -0.369    1.390    1.779    2.473    2.795    3.449    4.128    5.623    6.491
    6.960    7.652
            0.513860 -0.211042  0.000000
  -69.495  -68.551  -36.383  -36.009  -35.921  -35.244  -35.172  -34.872  -21.192  -21.145
  -21.140  -21.133  -21.125  -21.122  -21.117  -20.273  -20.267  -20.255  -20.228  -20.213
  -20.187  -20.174  -19.259  -11.944   -8.039   -6.023   -5.554   -5.280   -4.861   -4.044
   -2.201   -0.350    1.396    1.815    2.507    2.810    3.410    4.078    5.650    6.480
    6.967    7.580
            0.508530 -0.220268  0.000000
  -69.495  -68.551  -36.386  -36.009  -35.915  -35.246  -35.173  -34.867  -21.192  -21.145
  -21.140  -21.133  -21.125  -21.122  -21.118  -20.273  -20.267  -20.255  -20.228  -20.212
  -20.187  -20.174  -19.261  -11.947   -8.069   -5.987   -5.578   -5.297   -4.853   -3.998
   -2.237   -0.334    1.400    1.852    2.538    2.822    3.367    4.038    5.673    6.469
    6.976    7.516
            0.503199 -0.229494  0.000000
  -69.495  -68.552  -36.389  -36.010  -35.909  -35.248  -35.173  -34.862  -21.193  -21.146
  -21.140  -21.133  -21.125  -21.121  -21.118  -20.273  -20.267  -20.255  -20.228  -20.212
  -20.186  -20.174  -19.264  -11.950   -8.094   -5.951   -5.605   -5.313   -4.847   -3.955
   -2.270   -0.320    1.404    1.887    2.567    2.831    3.323    4.008    5.692    6.459
    6.986    7.460
            0.497868 -0.238720  0.000000
  -69.495  -68.552  -36.391  -36.010  -35.904  -35.250  -35.173  -34.859  -21.193  -21.146
  -21.140  -21.133  -21.124  -21.121  -21.118  -20.273  -20.267  -20.255  -20.228  -20.212
  -20.186  -20.174  -19.266  -11.952   -8.115   -5.914   -5.633   -5.327   -4.843   -3.916
   -2.299   -0.308    1.408    1.920    2.591    2.838    3.280    3.986    5.707    6.450
    6.997    7.413
            0.492538 -0.247946  0.000000
  -69.495  -68.552  -36.393  -36.011  -35.901  -35.251  -35.173  -34.856  -21.194  -21.146
  -21.140  -21.133  -21.124  -21.121  -21.118  -20.273  -20.267  -20.255  -20.228  -20.212
  -20.186  -20.174  -19.268  -11.954   -8.131   -5.877   -5.664   -5.338   -4.840   -3.884
   -2.323   -0.299    1.411    1.948    2.610    2.844    3.242    3.970    5.717    6.443
    7.008    7.375
            0.487207 -0.257172  0.000000
  -69.495  -68.552  -36.394  -36.011  -35.898  -35.252  -35.173  -34.853  -21.194  -21.146
  -21.140  -21.133  -21.124  -21.121  -21.118  -20.273  -20.267  -20.255  -20.228  -20.212
  -20.186  -20.174  -19.269  -11.955   -8.143   -5.840   -5.696   -5.346   -4.838   -3.860
   -2.341   -0.292    1.413    1.969    2.625    2.848    3.213    3.960    5.724    6.438
    7.017    7.347
            0.481876 -0.266398  0.000000
  -69.495  -68.552  -36.395  -36.011  -35.897  -35.253  -35.174  -34.852  -21.194  -21.146
  -21.140  -21.133  -21.124  -21.121  -21.118  -20.273  -20.267  -20.255  -20.228  -20.212
  -20.186  -20.175  -19.269  -11.956   -8.150   -5.804   -5.730   -5.351   -4.836   -3.844
   -2.352   -0.288    1.414    1.983    2.634    2.850    3.194    3.954    5.728    6.435
    7.023    7.330
            0.476546 -0.275623  0.000000
  -69.496  -68.552  -36.395  -36.011  -35.896  -35.253  -35.174  -34.852  -21.194  -21.146
  -21.140  -21.133  -21.124  -21.121  -21.118  -20.273  -20.267  -20.255  -20.228  -20.212
  -20.186  -20.175  -19.270  -11.956   -8.152   -5.775   -5.758   -5.353   -4.836   -3.839
   -2.355   -0.287    1.415    1.988    2.637    2.851    3.187    3.952    5.729    6.434
    7.026    7.324
            0.460661 -0.266436  0.000000
  -69.496  -68.552  -36.393  -36.012  -35.896  -35.252  -35.174  -34.851  -21.194  -21.146
  -21.140  -21.133  -21.124  -21.121  -21.118  -20.273  -20.267  -20.255  -20.228  -20.212
  -20.186  -20.175  -19.270  -11.961   -8.142   -5.775   -5.773   -5.337   -4.838   -3.841
   -2.355   -0.299    1.408    1.986    2.626    2.846    3.174    3.950    5.739    6.418
    7.031    7.332
            0.444776 -0.257249  0.000000
  -69.496  -68.552  -36.389  -36.013  -35.895  -35.248  -35.174  -34.850  -21.194  -21.146
  -21.140  -21.133  -21.124  -21.121  -21.118  -20.273  -20.267  -20.255  -20.228  -20.212
  -20.186  -20.175  -19.272  -11.977   -8.114   -5.818   -5.770   -5.296   -4.844   -3.846
   -2.353   -0.337    1.389    1.982    2.593    2.833    3.136    3.946    5.763    6.372
    7.048    7.354
            0.428891 -0.248061  0.000000
  -69.496  -68.553  -36.381  -36.015  -35.893  -35.242  -35.174  -34.849  -21.194  -21.146
  -21.139  -21.133  -21.124  -21.121  -21.119  -20.273  -20.267  -20.254  -20.228  -20.212
  -20.185  -20.175  -19.274  -12.003   -8.067   -5.875   -5.764   -5.250   -4.847   -3.854
   -2.349   -0.398    1.359    1.977    2.539    2.811    3.074    3.940    5.790    6.306
    7.073    7.381
            0.413006 -0.238874  0.000000
  -69.497  -68.553  -36.370  -36.018  -35.890  -35.233  -35.174  -34.847  -21.195  -21.145
  -21.139  -21.134  -21.124  -21.121  -21.120  -20.274  -20.266  -20.254  -20.228  -20.213
  -20.185  -20.176  -19.278  -12.039   -8.003   -5.937   -5.757   -5.215   -4.838   -3.864
   -2.343   -0.479    1.318    1.972    2.467    2.782    2.990    3.932    5.797    6.236
    7.105    7.371
            0.397122 -0.229686  0.000000
  -69.498  -68.554  -36.356  -36.021  -35.887  -35.222  -35.175  -34.844  -21.195  -21.145
  -21.138  -21.134  -21.125  -21.121  -21.120  -20.274  -20.266  -20.254  -20.228  -20.213
  -20.184  -20.177  -19.283  -12.082   -7.924   -5.999   -5.748   -5.210   -4.805   -3.877
   -2.334   -0.576    1.268    1.967    2.377    2.745    2.891    3.920    5.756    6.187
    7.141    7.273
            0.381237 -0.220499  0.000000
  -69.499  -68.555  -36.339  -36.026  -35.883  -35.209  -35.175  -34.840  -21.196  -21.145
  -21.138  -21.135  -21.125  -21.122  -21.120  -20.274  -20.266  -20.254  -20.228  -20.213
  -20.183  -20.178  -19.289  -12.132   -7.832   -6.059   -5.738   -5.239   -4.745   -3.891
   -2.320   -0.684    1.210    1.965    2.268    2.703    2.784    3.904    5.656    6.164
    7.127    7.179
            0.365352 -0.211311  0.000000
  -69.500  -68.556  -36.319  -36.030  -35.879  -35.196  -35.173  -34.836  -21.197  -21.145
  -21.137  -21.136  -21.125  -21.123  -21.120  -20.275  -20.265  -20.254  -20.228  -20.214
  -20.182  -20.179  -19.296  -12.187   -7.729   -6.114   -5.729   -5.295   -4.666   -3.906
   -2.300   -0.799    1.145    1.966    2.140    2.655    2.677    3.880    5.517    6.148
    6.973    7.216
            0.349467 -0.202124  0.000000
  -69.501  -68.557  -36.297  -36.036  -35.874  -35.188  -35.164  -34.832  -21.198  -21.145
  -21.137  -21.137  -21.126  -21.125  -21.119  -20.275  -20.264  -20.254  -20.228  -20.214
  -20.181  -20.180  -19.306  -12.246   -7.618   -6.162   -5.720   -5.371   -4.577   -3.920
   -2.275   -0.917    1.075    1.967    1.993    2.576    2.605    3.847    5.356    6.122
    6.820    7.252
            0.333582 -0.192936  0.000000
  -69.503  -68.558  -36.273  -36.042  -35.868  -35.186  -35.148  -34.827  -21.199  -21.145
  -21.137  -21.136  -21.126  -21.126  -21.119  -20.276  -20.264  -20.253  -20.228  -20.215
  -20.181  -20.180  -19.316  -12.308   -7.504   -6.200   -5.712   -5.459   -4.482   -3.933
   -2.243   -1.033    1.001    1.831    1.968    2.485    2.553    3.804    5.186    6.078
    6.673    7.172
            0.317697 -0.183749  0.000000
  -69.504  -68.560  -36.246  -36.049  -35.863  -35.186  -35.127  -34.822  -21.201  -21.145
  -21.138  -21.135  -21.127  -21.127  -21.118  -20.276  -20.263  -20.253  -20.228  -20.216
  -20.183  -20.179  -19.329  -12.372   -7.391   -6.228   -5.708   -5.554   -4.387   -3.944
   -2.204   -1.143    0.923    1.656    1.967    2.406    2.503    3.751    5.012    6.012
    6.534    6.949
            0.301812 -0.174562  0.000000
  -69.506  -68.561  -36.218  -36.056  -35.856  -35.188  -35.105  -34.816  -21.203  -21.145
  -21.138  -21.135  -21.129  -21.128  -21.117  -20.277  -20.262  -20.253  -20.228  -20.216
  -20.184  -20.178  -19.343  -12.437   -7.287   -6.242   -5.707   -5.648   -4.295   -3.950
   -2.158   -1.243    0.842    1.475    1.958    2.337    2.458    3.687    4.837    5.925
    6.407    6.736
            0.285928 -0.165374  0.000000
  -69.507  -68.563  -36.188  -36.063  -35.850  -35.189  -35.080  -34.810  -21.205  -21.145
  -21.137  -21.134  -21.130  -21.128  -21.116  -20.278  -20.261  -20.253  -20.228  -20.217
  -20.186  -20.176  -19.359  -12.501   -7.198   -6.245   -5.731   -5.711   -4.210   -3.952
   -2.106   -1.329    0.761    1.290    1.940    2.278    2.421    3.613    4.663    5.817
    6.291    6.536
            0.270043 -0.156187  0.000000
  -69.509  -68.564  -36.157  -36.071  -35.843  -35.191  -35.055  -34.804  -21.208  -21.146
  -21.137  -21.134  -21.131  -21.129  -21.115  -20.278  -20.261  -20.252  -20.228  -20.218
  -20.187  -20.175  -19.376  -12.565   -7.133   -6.247   -5.782   -5.720   -4.135   -3.948
   -2.048   -1.398    0.678    1.105    1.910    2.230    2.395    3.528    4.491    5.691
    6.183    6.350
            0.254158 -0.146999  0.000000
  -69.511  -68.566  -36.126  -36.078  -35.836  -35.193  -35.029  -34.798  -21.211  -21.146
  -21.137  -21.134  -21.132  -21.129  -21.113  -20.279  -20.260  -20.252  -20.228  -20.219
  -20.189  -20.173  -19.396  -12.627   -7.096   -6.266   -5.777   -5.734   -4.072   -3.937
   -1.984   -1.448    0.596    0.924    1.870    2.189    2.378    3.434    4.322    5.553
    6.068    6.185
            0.238273 -0.137812  0.000000
  -69.513  -68.568  -36.095  -36.085  -35.829  -35.196  -35.002  -34.791  -21.214  -21.146
  -21.136  -21.134  -21.133  -21.130  -21.112  -20.280  -20.259  -20.252  -20.228  -20.219
  -20.191  -20.172  -19.416  -12.687   -7.088   -6.308   -5.754   -5.706   -4.027   -3.920
   -1.915   -1.476    0.514    0.748    1.821    2.157    2.369    3.333    4.154    5.407
    5.933    6.046
            0.222388 -0.128624  0.000000
  -69.514  -68.569  -36.095  -36.060  -35.822  -35.198  -34.975  -34.785  -21.217  -21.146
  -21.136  -21.134  -21.134  -21.130  -21.110  -20.281  -20.258  -20.251  -20.228  -20.220
  -20.192  -20.170  -19.438  -12.745   -7.107   -6.360   -5.779   -5.586   -4.000   -3.896
   -1.840   -1.482    0.433    0.579    1.769    2.133    2.365    3.225    3.987    5.259
    5.785    5.919
            0.206503 -0.119437  0.000000
  -69.516  -68.571  -36.103  -36.027  -35.815  -35.201  -34.948  -34.779  -21.220  -21.146
  -21.136  -21.134  -21.133  -21.130  -21.109  -20.281  -20.257  -20.251  -20.228  -20.221
  -20.194  -20.169  -19.462  -12.800   -7.150   -6.406   -5.809   -5.434   -3.993   -3.866
   -1.760   -1.467    0.354    0.419    1.717    2.114    2.362    3.112    3.821    5.113
    5.638    5.791
            0.190618 -0.110249  0.000000
  -69.518  -68.573  -36.111  -35.995  -35.808  -35.203  -34.922  -34.773  -21.224  -21.146
  -21.137  -21.135  -21.133  -21.130  -21.107  -20.282  -20.256  -20.251  -20.228  -20.221
  -20.196  -20.167  -19.485  -12.852   -7.211   -6.438   -5.843   -5.262   -4.006   -3.830
   -1.675   -1.435    0.269    0.277    1.670    2.101    2.360    2.997    3.656    4.972
    5.497    5.662
            0.174733 -0.101062  0.000000
  -69.520  -68.574  -36.118  -35.964  -35.801  -35.206  -34.896  -34.767  -21.227  -21.146
  -21.138  -21.136  -21.132  -21.129  -21.106  -20.283  -20.255  -20.251  -20.227  -20.222
  -20.197  -20.165  -19.509  -12.901   -7.285   -6.455   -5.879   -5.078   -4.036   -3.790
   -1.587   -1.388    0.132    0.200    1.631    2.092    2.355    2.881    3.492    4.838
    5.366    5.534
            0.158849 -0.091874  0.000000
  -69.521  -68.576  -36.125  -35.934  -35.795  -35.208  -34.871  -34.761  -21.231  -21.146
  -21.139  -21.136  -21.131  -21.129  -21.104  -20.284  -20.254  -20.250  -20.227  -20.223
  -20.199  -20.164  -19.533  -12.946   -7.367   -6.457   -5.917   -4.888   -4.080   -3.748
   -1.498   -1.330    0.006    0.126    1.604    2.085    2.349    2.767    3.330    4.713
    5.243    5.409
            0.142964 -0.082687  0.000000
  -69.523  -68.577  -36.132  -35.905  -35.789  -35.211  -34.848  -34.756  -21.234  -21.145
  -21.140  -21.137  -21.131  -21.129  -21.103  -20.284  -20.254  -20.250  -20.227  -20.223
  -20.200  -20.163  -19.557  -12.987   -7.451   -6.447   -5.955   -4.697   -4.135   -3.704
   -1.414   -1.260   -0.108    0.053    1.589    2.079    2.339    2.659    3.172    4.599
    5.129    5.290
            0.127079 -0.073500  0.000000
  -69.524  -68.578  -36.138  -35.878  -35.783  -35.213  -34.826  -34.751  -21.237  -21.145
  -21.140  -21.138  -21.130  -21.129  -21.102  -20.285  -20.253  -20.250  -20.227  -20.224
  -20.201  -20.161  -19.579  -13.025   -7.532   -6.427   -5.993   -4.515   -4.191   -3.660
   -1.343   -1.179   -0.207   -0.018    1.588    2.070    2.328    2.560    3.018    4.496
    5.021    5.179
            0.111194 -0.064312  0.000000
  -69.525  -68.579  -36.144  -35.854  -35.778  -35.216  -34.807  -34.746  -21.240  -21.145
  -21.141  -21.138  -21.129  -21.129  -21.100  -20.286  -20.252  -20.250  -20.227  -20.225
  -20.202  -20.160  -19.600  -13.059   -7.609   -6.399   -6.029   -4.384   -4.206   -3.617
   -1.285   -1.090   -0.294   -0.087    1.601    2.055    2.314    2.475    2.874    4.405
    4.920    5.077
            0.095309 -0.055125  0.000000
  -69.526  -68.580  -36.149  -35.832  -35.774  -35.218  -34.789  -34.742  -21.243  -21.144
  -21.141  -21.139  -21.129  -21.129  -21.099  -20.286  -20.252  -20.250  -20.227  -20.225
  -20.204  -20.159  -19.620  -13.088   -7.679   -6.366   -6.062   -4.394   -4.091   -3.577
   -1.240   -1.000   -0.367   -0.153    1.627    2.030    2.299    2.408    2.740    4.326
    4.821    4.986
            0.079424 -0.045937  0.000000
  -69.527  -68.581  -36.153  -35.813  -35.770  -35.220  -34.774  -34.738  -21.245  -21.144
  -21.141  -21.139  -21.128  -21.128  -21.098  -20.287  -20.251  -20.250  -20.227  -20.225
  -20.204  -20.158  -19.637  -13.113   -7.739   -6.331   -6.091   -4.454   -3.938   -3.541
   -1.208   -0.913   -0.428   -0.216    1.663    1.996    2.284    2.363    2.621    4.259
    4.726    4.910
            0.063539 -0.036750  0.000000
  -69.528  -68.582  -36.157  -35.797  -35.767  -35.222  -34.761  -34.736  -21.247  -21.144
  -21.141  -21.140  -21.128  -21.128  -21.097  -20.287  -20.251  -20.250  -20.226  -20.226
  -20.205  -20.157  -19.652  -13.134   -7.791   -6.296   -6.116   -4.516   -3.794   -3.510
   -1.187   -0.833   -0.475   -0.274    1.704    1.956    2.271    2.335    2.518    4.204
    4.636    4.848
            0.047655 -0.027562  0.000000
  -69.529  -68.583  -36.159  -35.784  -35.764  -35.223  -34.750  -34.733  -21.249  -21.145
  -21.141  -21.140  -21.128  -21.128  -21.097  -20.287  -20.250  -20.249  -20.226  -20.226
  -20.206  -20.157  -19.663  -13.150   -7.831   -6.264   -6.136   -4.571   -3.672   -3.486
   -1.176   -0.761   -0.512   -0.327    1.747    1.917    2.261    2.320    2.433    4.162
    4.557    4.801
            0.031770 -0.018375  0.000000
  -69.529  -68.583  -36.161  -35.775  -35.762  -35.224  -34.743  -34.732  -21.250  -21.145
  -21.141  -21.140  -21.128  -21.127  -21.096  -20.287  -20.250  -20.249  -20.226  -20.226
  -20.206  -20.156  -19.672  -13.162   -7.860   -6.238   -6.150   -4.615   -3.579   -3.467
   -1.171   -0.702   -0.537   -0.373    1.784    1.885    2.257    2.312    2.367    4.131
    4.493    4.768
            0.015885 -0.009187  0.000000
  -69.530  -68.583  -36.163  -35.769  -35.761  -35.225  -34.739  -34.731  -21.251  -21.145
  -21.141  -21.140  -21.128  -21.127  -21.096  -20.288  -20.250  -20.249  -20.226  -20.226
  -20.207  -20.156  -19.677  -13.169   -7.878   -6.221   -6.159   -4.642   -3.521   -3.456
   -1.170   -0.659   -0.551   -0.407    1.809    1.864    2.259    2.309    2.321    4.113
    4.452    4.749
            0.000000  0.000000  0.000000
  -69.530  -68.583  -36.163  -35.767  -35.761  -35.225  -34.737  -34.730  -21.251  -21.145
  -21.141  -21.140  -21.128  -21.127  -21.096  -20.288  -20.250  -20.249  -20.226  -20.226
  -20.207  -20.156  -19.679  -13.171   -7.884   -6.215   -6.162   -4.652   -3.501   -3.453
   -1.170   -0.642   -0.556   -0.421    1.819    1.856    2.264    2.301    2.308    4.107
    4.438    4.742
