CELL_PARAMETERS (alat=  5.55000000)
   1.020550472  -0.001753756   0.000000000
  -0.511793593   0.885872224   0.000000000
   0.000000000   0.000000000  10.000000000
--
CELL_PARAMETERS (alat=  5.55000000)
   1.018350579  -0.005298551   0.000000000
  -0.513755945   0.884978803   0.000000000
   0.000000000   0.000000000  10.000000000
--
CELL_PARAMETERS (alat=  5.55000000)
   1.018869196  -0.008480542   0.000000000
  -0.516747806   0.883659251   0.000000000
   0.000000000   0.000000000  10.000000000
--
CELL_PARAMETERS (alat=  5.55000000)
   1.022291799  -0.007328422   0.000000000
  -0.517420209   0.881848393   0.000000000
   0.000000000   0.000000000  10.000000000
--
CELL_PARAMETERS (alat=  5.55000000)
   1.026174895  -0.004846111   0.000000000
  -0.517155397   0.879545205   0.000000000
   0.000000000   0.000000000  10.000000000
--
CELL_PARAMETERS (alat=  5.55000000)
   1.032756293  -0.000328761   0.000000000
  -0.516436355   0.877035408   0.000000000
   0.000000000   0.000000000  10.000000000
--
CELL_PARAMETERS (alat=  5.55000000)
   1.034783390   0.001144810   0.000000000
  -0.516149272   0.877484538   0.000000000
   0.000000000   0.000000000  10.000000000
--
CELL_PARAMETERS (alat=  5.55000000)
   1.036979811   0.002522740   0.000000000
  -0.516025673   0.877340807   0.000000000
   0.000000000   0.000000000  10.000000000
--
CELL_PARAMETERS (alat=  5.55000000)
   1.040948330   0.004703935   0.000000000
  -0.516079506   0.877077319   0.000000000
   0.000000000   0.000000000  10.000000000
--
CELL_PARAMETERS (alat=  5.55000000)
   1.045157716   0.006544746   0.000000000
  -0.516557027   0.876452896   0.000000000
   0.000000000   0.000000000  10.000000000
--
CELL_PARAMETERS (alat=  5.55000000)
   1.047099655   0.007064077   0.000000000
  -0.517075419   0.876177811   0.000000000
   0.000000000   0.000000000  10.000000000
--
CELL_PARAMETERS (alat=  5.55000000)
   1.048879216   0.007525829   0.000000000
  -0.517564272   0.875865579   0.000000000
   0.000000000   0.000000000  10.000000000
--
CELL_PARAMETERS (alat=  5.55000000)
   1.051210686   0.008073285   0.000000000
  -0.518258281   0.875375325   0.000000000
   0.000000000   0.000000000  10.000000000
--
CELL_PARAMETERS (alat=  5.55000000)
   1.053976294   0.008702759   0.000000000
  -0.519099644   0.874846489   0.000000000
   0.000000000   0.000000000  10.000000000
--
CELL_PARAMETERS (alat=  5.55000000)
   1.057597356   0.009487498   0.000000000
  -0.520232381   0.874427726   0.000000000
   0.000000000   0.000000000  10.000000000
--
CELL_PARAMETERS (alat=  5.55000000)
   1.061047777   0.010209016   0.000000000
  -0.521336663   0.873923212   0.000000000
   0.000000000   0.000000000  10.000000000
--
CELL_PARAMETERS (alat=  5.55000000)
   1.065843343   0.012519366   0.000000000
  -0.521738468   0.869796409   0.000000000
   0.000000000   0.000000000  10.000000000
--
CELL_PARAMETERS (alat=  5.55000000)
   1.061225515   0.010294645   0.000000000
  -0.521351555   0.873770261   0.000000000
   0.000000000   0.000000000  10.000000000
--
CELL_PARAMETERS (alat=  5.55000000)
   1.060823260   0.010251945   0.000000000
  -0.521194007   0.874276511   0.000000000
   0.000000000   0.000000000  10.000000000
--
CELL_PARAMETERS (alat=  5.55000000)
   1.060258251   0.010205670   0.000000000
  -0.520962126   0.875057724   0.000000000
   0.000000000   0.000000000  10.000000000
--
CELL_PARAMETERS (alat=  5.55000000)
   1.059466143   0.010157563   0.000000000
  -0.520624149   0.876243432   0.000000000
   0.000000000   0.000000000  10.000000000
--
CELL_PARAMETERS (alat=  5.55000000)
   1.058358674   0.010110114   0.000000000
  -0.520136426   0.878004944   0.000000000
   0.000000000   0.000000000  10.000000000
--
CELL_PARAMETERS (alat=  5.55000000)
   1.056793536   0.010038603   0.000000000
  -0.519452277   0.880629097   0.000000000
   0.000000000   0.000000000  10.000000000
--
CELL_PARAMETERS (alat=  5.55000000)
   1.054519559   0.009930068   0.000000000
  -0.518463482   0.884550619   0.000000000
   0.000000000   0.000000000  10.000000000
--
CELL_PARAMETERS (alat=  5.55000000)
   1.051103386   0.009762377   0.000000000
  -0.516981540   0.890425390   0.000000000
   0.000000000   0.000000000  10.000000000
--
CELL_PARAMETERS (alat=  5.55000000)
   1.046076452   0.009470931   0.000000000
  -0.514841386   0.899361901   0.000000000
   0.000000000   0.000000000  10.000000000
--
CELL_PARAMETERS (alat=  5.55000000)
   1.038380138   0.009015238   0.000000000
  -0.511573417   0.912788849   0.000000000
   0.000000000   0.000000000  10.000000000
--
CELL_PARAMETERS (alat=  5.55000000)
   1.029749053   0.008408233   0.000000000
  -0.507987878   0.927303275   0.000000000
   0.000000000   0.000000000  10.000000000
--
CELL_PARAMETERS (alat=  5.55000000)
   1.030849545   0.008570474   0.000000000
  -0.508389643   0.925133756   0.000000000
   0.000000000   0.000000000  10.000000000
--
CELL_PARAMETERS (alat=  5.55000000)
   1.029891986   0.008513793   0.000000000
  -0.507985644   0.924529340   0.000000000
   0.000000000   0.000000000  10.000000000
--
CELL_PARAMETERS (alat=  5.55000000)
   1.026915210   0.008063578   0.000000000
  -0.506914550   0.923646502   0.000000000
   0.000000000   0.000000000  10.000000000
--
CELL_PARAMETERS (alat=  5.55000000)
   1.022162665   0.007076932   0.000000000
  -0.505387303   0.921068881   0.000000000
   0.000000000   0.000000000  10.000000000
--
CELL_PARAMETERS (alat=  5.55000000)
   1.015959396   0.004954732   0.000000000
  -0.504000177   0.914010693   0.000000000
   0.000000000   0.000000000  10.000000000
--
CELL_PARAMETERS (alat=  5.55000000)
   1.014483518   0.002690217   0.000000000
  -0.504969158   0.904955292   0.000000000
   0.000000000   0.000000000  10.000000000
--
CELL_PARAMETERS (alat=  5.55000000)
   1.017206542  -0.000467641   0.000000000
  -0.508637240   0.894385511   0.000000000
   0.000000000   0.000000000  10.000000000
--
CELL_PARAMETERS (alat=  5.55000000)
   1.025800115  -0.003486122   0.000000000
  -0.515084359   0.889389179   0.000000000
   0.000000000   0.000000000  10.000000000
--
CELL_PARAMETERS (alat=  5.55000000)
   1.033882883  -0.004311652   0.000000000
  -0.519677922   0.894243035   0.000000000
   0.000000000   0.000000000  10.000000000
--
CELL_PARAMETERS (alat=  5.55000000)
   1.043884015  -0.004705473   0.000000000
  -0.524878436   0.900227119   0.000000000
   0.000000000   0.000000000  10.000000000
--
CELL_PARAMETERS (alat=  5.55000000)
   1.050590999  -0.004791135   0.000000000
  -0.528237202   0.904793876   0.000000000
   0.000000000   0.000000000  10.000000000
--
CELL_PARAMETERS (alat=  5.55000000)
   1.053538341  -0.004739169   0.000000000
  -0.529628421   0.905443669   0.000000000
   0.000000000   0.000000000  10.000000000
--
CELL_PARAMETERS (alat=  5.55000000)
   1.052153298  -0.004318315   0.000000000
  -0.528630164   0.905381748   0.000000000
   0.000000000   0.000000000  10.000000000
--
CELL_PARAMETERS (alat=  5.55000000)
   1.050135550  -0.003696664   0.000000000
  -0.527165456   0.905048247   0.000000000
   0.000000000   0.000000000  10.000000000
--
CELL_PARAMETERS (alat=  5.55000000)
   1.048012307  -0.003227191   0.000000000
  -0.525775479   0.905292438   0.000000000
   0.000000000   0.000000000  10.000000000
--
CELL_PARAMETERS (alat=  5.55000000)
   1.047582859  -0.003067138   0.000000000
  -0.525444427   0.905389371   0.000000000
   0.000000000   0.000000000  10.000000000
--
CELL_PARAMETERS (alat=  5.55000000)
   1.047457526  -0.003042052   0.000000000
  -0.525368498   0.905720514   0.000000000
   0.000000000   0.000000000  10.000000000
--
CELL_PARAMETERS (alat=  5.55000000)
   1.047457526  -0.003042052   0.000000000
  -0.525368498   0.905720514   0.000000000
   0.000000000   0.000000000  10.000000000
