 &plot nbnd=  42, nks=    91 /
            0.000000  0.000000  0.000000
  -58.784  -58.784  -32.988  -32.988  -32.721  -32.721  -32.721  -32.721  -12.322  -12.256
  -10.992  -10.881   -4.020   -3.705   -0.669   -0.668   -0.666   -0.664   -0.330    0.447
    0.490    0.491    0.492    0.493    1.676    2.188    4.817    4.817    4.853    4.853
    5.090    5.091    5.112    5.114    7.399    7.549    8.145    8.353    8.479    9.462
   10.438   10.892
            0.022738 -0.000003  0.000000
  -58.784  -58.784  -32.988  -32.987  -32.723  -32.723  -32.721  -32.721  -12.316  -12.250
  -10.990  -10.879   -4.013   -3.698   -0.683   -0.680   -0.662   -0.658   -0.351    0.323
    0.481    0.483    0.505    0.605    1.675    2.184    4.808    4.828    4.842    4.864
    5.074    5.083    5.092    5.107    7.408    7.559    8.165    8.381    8.495    9.470
   10.444   10.902
            0.045476 -0.000007  0.000000
  -58.783  -58.783  -32.987  -32.987  -32.728  -32.728  -32.722  -32.722  -12.298  -12.233
  -10.982  -10.872   -3.992   -3.678   -0.724   -0.720   -0.643   -0.640   -0.411    0.173
    0.452    0.453    0.542    0.727    1.674    2.171    4.782    4.811    4.860    4.896
    5.028    5.028    5.064    5.087    7.434    7.586    8.222    8.462    8.545    9.492
   10.461   10.928
            0.068213 -0.000010  0.000000
  -58.782  -58.782  -32.985  -32.985  -32.736  -32.736  -32.724  -32.724  -12.269  -12.203
  -10.970  -10.860   -3.959   -3.645   -0.789   -0.785   -0.613   -0.609   -0.499    0.019
    0.401    0.402    0.591    0.836    1.670    2.148    4.742    4.765    4.908    4.937
    4.944    4.962    5.030    5.054    7.477    7.630    8.302    8.594    8.640    9.531
   10.490   10.967
            0.090951 -0.000013  0.000000
  -58.781  -58.781  -32.983  -32.983  -32.747  -32.747  -32.727  -32.727  -12.228  -12.163
  -10.952  -10.844   -3.913   -3.600   -0.877   -0.873   -0.605   -0.570   -0.567   -0.138
    0.330    0.330    0.646    0.930    1.662    2.114    4.695    4.709    4.814    4.872
    4.966    4.996    5.001    5.033    7.534    7.689    8.390    8.772    8.786    9.584
   10.526   11.015
            0.113689 -0.000017  0.000000
  -58.780  -58.780  -32.980  -32.980  -32.760  -32.760  -32.730  -32.730  -12.176  -12.111
  -10.930  -10.823   -3.856   -3.543   -0.982   -0.979   -0.721   -0.517   -0.513   -0.294
    0.237    0.238    0.699    1.009    1.649    2.067    4.643    4.647    4.684    4.781
    4.919    4.948    5.076    5.117    7.606    7.761    8.480    8.980    8.986    9.654
   10.570   11.072
            0.136427 -0.000020  0.000000
  -58.778  -58.778  -32.977  -32.977  -32.777  -32.777  -32.734  -32.734  -12.113  -12.049
  -10.903  -10.798   -3.789   -3.478   -1.102   -1.099   -0.841   -0.455   -0.454   -0.444
    0.122    0.124    0.747    1.072    1.627    2.005    4.537    4.587    4.598    4.696
    4.852    4.885    5.178    5.223    7.690    7.846    8.574    9.212    9.229    9.742
   10.621   11.137
            0.159164 -0.000023  0.000000
  -58.776  -58.776  -32.973  -32.973  -32.795  -32.795  -32.739  -32.739  -12.040  -11.976
  -10.872  -10.769   -3.714   -3.404   -1.231   -1.228   -0.963   -0.598   -0.384   -0.379
   -0.013   -0.010    0.788    1.119    1.595    1.928    4.401    4.521    4.549    4.631
    4.777    4.820    5.293    5.342    7.788    7.943    8.677    9.468    9.485    9.857
   10.679   11.210
            0.181902 -0.000026  0.000000
  -58.774  -58.774  -32.969  -32.969  -32.815  -32.815  -32.745  -32.745  -11.958  -11.894
  -10.836  -10.737   -3.632   -3.326   -1.364   -1.363   -1.083   -0.742   -0.306   -0.301
   -0.167   -0.164    0.821    1.151    1.551    1.836    4.272    4.443    4.511    4.590
    4.700    4.760    5.416    5.471    7.899    8.053    8.789    9.724    9.732   10.022
   10.748   11.290
            0.204640 -0.000030  0.000000
  -58.772  -58.772  -32.964  -32.964  -32.837  -32.837  -32.751  -32.751  -11.867  -11.803
  -10.797  -10.700   -3.547   -3.246   -1.497   -1.496   -1.199   -0.881   -0.335   -0.333
   -0.226   -0.219    0.845    1.167    1.494    1.731    4.155    4.363    4.487    4.562
    4.627    4.716    5.544    5.607    8.024    8.174    8.912    9.912    9.988   10.261
   10.836   11.372
            0.227378 -0.000033  0.000000
  -58.769  -58.769  -32.959  -32.959  -32.860  -32.860  -32.758  -32.758  -11.767  -11.704
  -10.754  -10.661   -3.463   -3.169   -1.626   -1.620   -1.310   -1.015   -0.515   -0.514
   -0.147   -0.139    0.860    1.169    1.426    1.618    4.052    4.283    4.471    4.538
    4.566    4.697    5.675    5.744    8.161    8.308    9.047   10.067   10.208   10.552
   10.959   11.453
            0.250116 -0.000036  0.000000
  -58.767  -58.767  -32.954  -32.954  -32.883  -32.883  -32.766  -32.766  -11.660  -11.599
  -10.708  -10.619   -3.384   -3.101   -1.744   -1.730   -1.415   -1.146   -0.706   -0.697
   -0.074   -0.064    0.865    1.158    1.349    1.501    3.963    4.207    4.455    4.521
    4.535    4.702    5.804    5.880    8.311    8.452    9.192   10.213   10.369   10.853
   11.122   11.396
            0.272853 -0.000040  0.000000
  -58.764  -58.764  -32.949  -32.949  -32.906  -32.906  -32.774  -32.774  -11.547  -11.486
  -10.660  -10.574   -3.315   -3.050   -1.845   -1.818   -1.517   -1.280   -0.898   -0.874
   -0.017   -0.004    0.861    1.135    1.272    1.387    3.887    4.138    4.434    4.516
    4.541    4.727    5.929    6.010    8.472    8.608    9.349   10.360   10.468   11.088
   11.276   11.352
            0.295591 -0.000043  0.000000
  -58.761  -58.761  -32.943  -32.943  -32.930  -32.930  -32.784  -32.784  -11.429  -11.369
  -10.609  -10.527   -3.263   -3.023   -1.923   -1.877   -1.618   -1.425   -1.084   -1.030
    0.015    0.033    0.847    1.102    1.203    1.284    3.824    4.080    4.424    4.523
    4.569    4.764    6.047    6.132    8.646    8.773    9.517   10.509   10.519   11.058
   11.305   11.558
            0.318329 -0.000046  0.000000
  -58.758  -58.758  -32.953  -32.953  -32.938  -32.938  -32.794  -32.794  -11.306  -11.248
  -10.556  -10.479   -3.234   -3.023   -1.975   -1.904   -1.724   -1.589   -1.250   -1.156
    0.012    0.036    0.823    1.063    1.152    1.200    3.776    4.040    4.433    4.543
    4.612    4.809    6.155    6.242    8.830    8.948    9.695   10.537   10.651   10.939
   11.229   11.606
            0.341067 -0.000050  0.000000
  -58.756  -58.756  -32.974  -32.974  -32.932  -32.932  -32.805  -32.805  -11.181  -11.125
  -10.502  -10.430   -3.229   -3.049   -2.008   -1.913   -1.840   -1.760   -1.383   -1.248
   -0.031   -0.001    0.788    1.016    1.127    1.141    3.747    4.024    4.460    4.570
    4.663    4.860    6.252    6.339    9.023    9.130    9.883   10.528   10.702   10.890
   11.109   11.541
            0.363804 -0.000053  0.000000
  -58.753  -58.753  -32.995  -32.995  -32.927  -32.927  -32.816  -32.816  -11.055  -11.000
  -10.447  -10.380   -3.244   -3.093   -2.075   -2.005   -1.918   -1.835   -1.475   -1.312
   -0.113   -0.078    0.740    0.955    1.116    1.128    3.739    4.035    4.502    4.601
    4.720    4.913    6.337    6.421    9.222    9.318   10.077   10.497   10.572   10.969
   11.007   11.509
            0.386542 -0.000056  0.000000
  -58.750  -58.750  -33.013  -33.013  -32.922  -32.922  -32.828  -32.828  -10.928  -10.876
  -10.392  -10.330   -3.273   -3.146   -2.224   -2.191   -1.915   -1.807   -1.530   -1.353
   -0.225   -0.188    0.680    0.879    1.121    1.149    3.756    4.075    4.553    4.632
    4.781    4.967    6.410    6.490    9.424    9.509   10.264   10.405   10.450   10.837
   11.141   11.512
            0.409280 -0.000060  0.000000
  -58.748  -58.748  -33.030  -33.030  -32.917  -32.917  -32.841  -32.841  -10.803  -10.754
  -10.338  -10.280   -3.309   -3.199   -2.398   -2.384   -1.883   -1.766   -1.557   -1.376
   -0.359   -0.322    0.610    0.793    1.145    1.183    3.797    4.139    4.609    4.662
    4.841    5.018    6.473    6.546    9.618    9.698   10.233   10.294   10.527   10.745
   11.259   11.545
            0.432018 -0.000063  0.000000
  -58.745  -58.745  -33.044  -33.044  -32.912  -32.912  -32.854  -32.854  -10.682  -10.636
  -10.285  -10.232   -3.342   -3.246   -2.575   -2.572   -1.845   -1.726   -1.562   -1.383
   -0.506   -0.472    0.531    0.700    1.183    1.225    3.859    4.218    4.664    4.693
    4.899    5.064    6.527    6.594    9.765    9.865   10.078   10.213   10.643   10.772
   11.354   11.604
            0.454756 -0.000066  0.000000
  -58.743  -58.743  -33.056  -33.056  -32.908  -32.908  -32.868  -32.868  -10.566  -10.523
  -10.233  -10.185   -3.368   -3.282   -2.751   -2.747   -1.809   -1.694   -1.552   -1.376
   -0.661   -0.632    0.445    0.600    1.233    1.276    3.931    4.291    4.718    4.734
    4.952    5.102    6.578    6.637    9.765    9.839   10.104   10.245   10.611   10.973
   11.426   11.686
            0.477493 -0.000070  0.000000
  -58.741  -58.741  -33.065  -33.065  -32.904  -32.904  -32.882  -32.882  -10.456  -10.417
  -10.184  -10.142   -3.382   -3.302   -2.917   -2.910   -1.781   -1.671   -1.528   -1.357
   -0.819   -0.798    0.353    0.497    1.296    1.335    4.003    4.332    4.771    4.804
    5.000    5.132    6.628    6.679    9.640    9.685   10.238   10.382   10.564   11.185
   11.462   11.766
            0.500231 -0.000073  0.000000
  -58.739  -58.739  -33.072  -33.072  -32.901  -32.901  -32.896  -32.896  -10.355  -10.320
  -10.138  -10.101   -3.379   -3.304   -3.070   -3.060   -1.765   -1.660   -1.493   -1.326
   -0.976   -0.969    0.257    0.390    1.371    1.404    4.058    4.324    4.830    4.903
    5.041    5.157    6.680    6.724    9.486    9.531   10.332   10.427   10.600   11.378
   11.467   11.822
            0.522969 -0.000076  0.000000
  -58.738  -58.738  -33.076  -33.076  -32.911  -32.911  -32.897  -32.897  -10.264  -10.233
  -10.095  -10.064   -3.359   -3.287   -3.208   -3.195   -1.767   -1.663   -1.447   -1.286
   -1.138   -1.127    0.159    0.282    1.457    1.482    4.080    4.274    4.894    5.000
    5.083    5.198    6.737    6.772    9.337    9.391   10.320   10.360   10.738   11.505
   11.536   11.933
            0.545707 -0.000079  0.000000
  -58.736  -58.736  -33.077  -33.077  -32.926  -32.926  -32.895  -32.895  -10.184  -10.158
  -10.057  -10.031   -3.333   -3.329   -3.301   -3.248   -1.793   -1.681   -1.393   -1.307
   -1.262   -1.231    0.062    0.175    1.550    1.566    4.065    4.196    4.949    5.041
    5.142    5.288    6.798    6.825    9.204    9.273   10.175   10.326   10.860   11.607
   11.680   12.123
            0.568444 -0.000083  0.000000
  -58.735  -58.735  -33.075  -33.075  -32.941  -32.941  -32.893  -32.893  -10.117  -10.094
  -10.024  -10.003   -3.431   -3.421   -3.253   -3.188   -1.849   -1.725   -1.451   -1.394
   -1.314   -1.176   -0.032    0.070    1.647    1.655    4.017    4.101    4.975    5.037
    5.235    5.407    6.863    6.879    9.092    9.184   10.012   10.255   10.956   11.758
   11.836   12.345
            0.591182 -0.000086  0.000000
  -58.734  -58.734  -33.071  -33.071  -32.955  -32.955  -32.891  -32.891  -10.062  -10.043
   -9.997   -9.981   -3.514   -3.505   -3.172   -3.108   -1.935   -1.813   -1.554   -1.478
   -1.252   -1.116   -0.119   -0.029    1.740    1.742    3.949    4.000    4.977    5.016
    5.347    5.519    6.926    6.932    9.006    9.130    9.844   10.169   11.029   11.936
   12.006   12.519
            0.613920 -0.000089  0.000000
  -58.734  -58.734  -33.065  -33.065  -32.969  -32.969  -32.889  -32.889  -10.019  -10.005
   -9.975   -9.964   -3.579   -3.570   -3.074   -3.011   -2.043   -1.944   -1.609   -1.542
   -1.188   -1.058   -0.193   -0.119    1.821    1.824    3.876    3.905    4.967    4.989
    5.459    5.607    6.981    6.983    8.950    9.116    9.676   10.082   11.081   12.124
   12.179   12.659
            0.636658 -0.000093  0.000000
  -58.733  -58.733  -33.058  -33.058  -32.982  -32.982  -32.888  -32.888   -9.990   -9.980
   -9.959   -9.952   -3.623   -3.617   -2.967   -2.904   -2.157   -2.087   -1.637   -1.589
   -1.133   -1.007   -0.249   -0.195    1.884    1.889    3.811    3.827    4.954    4.965
    5.556    5.663    7.022    7.029    8.927    9.140    9.514   10.002   11.116   12.310
   12.339   12.722
            0.659396 -0.000096  0.000000
  -58.733  -58.733  -33.050  -33.050  -32.993  -32.993  -32.888  -32.888   -9.971   -9.966
   -9.949   -9.946   -3.649   -3.646   -2.871   -2.805   -2.250   -2.213   -1.650   -1.623
   -1.097   -0.972   -0.280   -0.250    1.926    1.930    3.767    3.776    4.944    4.947
    5.628    5.683    7.051    7.059    8.935    9.197    9.368    9.939   11.134   12.469
   12.474   12.690
            0.682133 -0.000099  0.000000
  -58.733  -58.733  -33.047  -33.047  -32.997  -32.997  -32.888  -32.888   -9.964   -9.964
   -9.945   -9.945   -3.656   -3.656   -2.829   -2.759   -2.279   -2.279   -1.646   -1.646
   -1.084   -0.960   -0.280   -0.279    1.942    1.942    3.752    3.758    4.940    4.940
    5.671    5.671    7.065    7.066    8.952    9.264    9.264    9.912   11.139   12.553
   12.553   12.619
            0.676447 -0.009946  0.000000
  -58.733  -58.733  -33.048  -33.048  -32.996  -32.996  -32.888  -32.888   -9.966   -9.964
   -9.946   -9.945   -3.655   -3.653   -2.840   -2.772   -2.275   -2.258   -1.651   -1.635
   -1.087   -0.963   -0.284   -0.268    1.937    1.940    3.756    3.763    4.941    4.941
    5.654    5.681    7.059    7.066    8.942    9.250    9.291    9.921   11.138   12.497
   12.575   12.629
            0.670761 -0.019792  0.000000
  -58.733  -58.733  -33.051  -33.051  -32.993  -32.993  -32.888  -32.888   -9.971   -9.966
   -9.949   -9.946   -3.650   -3.646   -2.871   -2.809   -2.251   -2.218   -1.650   -1.615
   -1.096   -0.972   -0.282   -0.251    1.925    1.933    3.767    3.775    4.946    4.946
    5.632    5.682    7.046    7.062    8.910    9.271    9.307    9.950   11.136   12.419
   12.582   12.626
            0.665075 -0.029638  0.000000
  -58.733  -58.733  -33.055  -33.055  -32.987  -32.987  -32.888  -32.888   -9.977   -9.970
   -9.952   -9.948   -3.641   -3.634   -2.916   -2.860   -2.216   -2.168   -1.640   -1.585
   -1.108   -0.986   -0.275   -0.228    1.909    1.920    3.785    3.795    4.954    4.956
    5.604    5.677    7.026    7.052    8.861    9.310    9.321   10.001   11.132   12.333
   12.576   12.599
            0.659388 -0.039484  0.000000
  -58.733  -58.733  -33.060  -33.060  -32.981  -32.981  -32.888  -32.888   -9.985   -9.977
   -9.957   -9.951   -3.628   -3.619   -2.970   -2.921   -2.179   -2.117   -1.616   -1.543
   -1.125   -1.004   -0.263   -0.201    1.887    1.904    3.809    3.821    4.966    4.970
    5.572    5.665    6.998    7.038    8.804    9.300    9.391   10.071   11.128   12.241
   12.550   12.558
            0.653702 -0.049331  0.000000
  -58.733  -58.733  -33.065  -33.065  -32.974  -32.974  -32.889  -32.889   -9.995   -9.985
   -9.963   -9.956   -3.613   -3.600   -3.028   -2.987   -2.147   -2.074   -1.575   -1.485
   -1.143   -1.025   -0.249   -0.171    1.863    1.884    3.837    3.853    4.982    4.988
    5.536    5.646    6.964    7.019    8.743    9.281    9.477   10.159   11.124   12.145
   12.485   12.529
            0.648016 -0.059177  0.000000
  -58.733  -58.733  -33.071  -33.071  -32.966  -32.966  -32.889  -32.889  -10.006   -9.995
   -9.969   -9.961   -3.594   -3.578   -3.090   -3.055   -2.122   -2.043   -1.515   -1.414
   -1.163   -1.048   -0.233   -0.139    1.836    1.863    3.870    3.888    5.002    5.010
    5.499    5.623    6.923    6.994    8.681    9.254    9.575   10.259   11.119   12.046
   12.410   12.490
            0.642330 -0.069023  0.000000
  -58.734  -58.734  -33.076  -33.076  -32.957  -32.957  -32.889  -32.889  -10.018  -10.006
   -9.977   -9.967   -3.572   -3.553   -3.152   -3.123   -2.104   -2.025   -1.436   -1.329
   -1.183   -1.072   -0.216   -0.107    1.807    1.840    3.906    3.927    5.027    5.036
    5.460    5.594    6.876    6.965    8.620    9.222    9.682   10.370   11.114   11.944
   12.329   12.443
            0.636644 -0.078869  0.000000
  -58.734  -58.734  -33.082  -33.082  -32.949  -32.949  -32.890  -32.890  -10.031  -10.018
   -9.985   -9.973   -3.548   -3.525   -3.214   -3.191   -2.093   -2.017   -1.341   -1.233
   -1.204   -1.096   -0.200   -0.074    1.778    1.817    3.943    3.968    5.056    5.066
    5.423    5.562    6.823    6.930    8.559    9.187    9.796   10.488   11.109   11.840
   12.244   12.386
            0.630957 -0.088716  0.000000
  -58.734  -58.734  -33.088  -33.088  -32.940  -32.940  -32.890  -32.890  -10.045  -10.031
   -9.994   -9.981   -3.522   -3.495   -3.276   -3.258   -2.088   -2.018   -1.234   -1.223
   -1.128   -1.120   -0.184   -0.043    1.749    1.794    3.982    4.010    5.089    5.096
    5.388    5.528    6.765    6.892    8.500    9.149    9.918   10.610   11.104   11.735
   12.158   12.313
            0.625271 -0.098562  0.000000
  -58.734  -58.734  -33.093  -33.093  -32.931  -32.931  -32.891  -32.891  -10.060  -10.045
  -10.003   -9.988   -3.495   -3.463   -3.336   -3.324   -2.088   -2.024   -1.242   -1.143
   -1.119   -1.016   -0.169   -0.012    1.721    1.772    4.021    4.053    5.123    5.125
    5.361    5.492    6.703    6.850    8.443    9.109   10.045   10.735   11.098   11.628
   12.069   12.213
            0.619585 -0.108408  0.000000
  -58.735  -58.735  -33.099  -33.099  -32.923  -32.923  -32.891  -32.891  -10.075  -10.059
  -10.013   -9.997   -3.467   -3.429   -3.394   -3.388   -2.090   -2.034   -1.259   -1.165
   -0.997   -0.898   -0.156    0.016    1.694    1.751    4.059    4.095    5.139    5.164
    5.351    5.457    6.638    6.805    8.387    9.068   10.176   10.860   11.090   11.520
   11.978   12.073
            0.613899 -0.118254  0.000000
  -58.735  -58.735  -33.104  -33.104  -32.914  -32.914  -32.892  -32.892  -10.090  -10.074
  -10.022  -10.005   -3.462   -3.450   -3.426   -3.393   -2.096   -2.047   -1.274   -1.185
   -0.872   -0.777   -0.145    0.043    1.668    1.731    4.097    4.135    5.135    5.201
    5.366    5.426    6.570    6.756    8.334    9.026   10.310   10.981   11.081   11.411
   11.885   11.908
            0.608212 -0.128101  0.000000
  -58.735  -58.735  -33.109  -33.109  -32.905  -32.905  -32.893  -32.893  -10.106  -10.088
  -10.032  -10.014   -3.512   -3.509   -3.401   -3.358   -2.103   -2.061   -1.287   -1.204
   -0.743   -0.652   -0.137    0.067    1.644    1.713    4.133    4.174    5.114    5.227
    5.403    5.411    6.500    6.706    8.283    8.984   10.444   11.071   11.093   11.302
   11.734   11.789
            0.602526 -0.137947  0.000000
  -58.735  -58.735  -33.114  -33.114  -32.897  -32.897  -32.893  -32.893  -10.121  -10.103
  -10.042  -10.023   -3.566   -3.564   -3.371   -3.321   -2.112   -2.076   -1.297   -1.220
   -0.612   -0.526   -0.130    0.089    1.621    1.695    4.166    4.211    5.084    5.228
    5.425    5.456    6.430    6.654    8.234    8.941   10.576   11.060   11.184   11.192
   11.558   11.695
            0.596840 -0.147793  0.000000
  -58.736  -58.736  -33.118  -33.118  -32.894  -32.894  -32.889  -32.889  -10.137  -10.118
  -10.052  -10.031   -3.620   -3.615   -3.341   -3.285   -2.121   -2.092   -1.306   -1.234
   -0.480   -0.399   -0.125    0.108    1.600    1.679    4.198    4.244    5.052    5.205
    5.466    5.517    6.359    6.601    8.188    8.898   10.698   11.054   11.083   11.232
   11.384   11.617
            0.591154 -0.157640  0.000000
  -58.736  -58.736  -33.123  -33.123  -32.894  -32.894  -32.881  -32.881  -10.152  -10.132
  -10.062  -10.040   -3.672   -3.663   -3.311   -3.249   -2.131   -2.108   -1.311   -1.246
   -0.348   -0.273   -0.123    0.124    1.579    1.664    4.226    4.274    5.019    5.172
    5.524    5.585    6.288    6.548    8.144    8.855   10.790   10.974   11.062   11.210
   11.219   11.576
            0.585468 -0.167486  0.000000
  -58.736  -58.736  -33.127  -33.127  -32.895  -32.895  -32.873  -32.873  -10.166  -10.147
  -10.071  -10.049   -3.720   -3.709   -3.283   -3.213   -2.142   -2.124   -1.315   -1.255
   -0.216   -0.153   -0.116    0.137    1.560    1.648    4.252    4.301    4.987    5.133
    5.590    5.656    6.219    6.495    8.103    8.812   10.819   10.866   11.029   11.125
   11.153   11.560
            0.579781 -0.177332  0.000000
  -58.737  -58.737  -33.131  -33.131  -32.895  -32.895  -32.866  -32.866  -10.180  -10.160
  -10.080  -10.057   -3.766   -3.752   -3.255   -3.179   -2.152   -2.140   -1.316   -1.262
   -0.129   -0.086   -0.017    0.149    1.541    1.634    4.274    4.323    4.958    5.095
    5.662    5.730    6.152    6.444    8.065    8.770   10.760   10.768   10.910   11.011
   11.245   11.545
            0.574095 -0.187178  0.000000
  -58.737  -58.737  -33.134  -33.134  -32.896  -32.896  -32.859  -32.859  -10.193  -10.173
  -10.089  -10.065   -3.808   -3.791   -3.229   -3.147   -2.163   -2.155   -1.315   -1.266
   -0.132    0.042    0.104    0.158    1.522    1.618    4.293    4.340    4.933    5.056
    5.737    5.805    6.087    6.396    8.029    8.728   10.647   10.655   10.829   10.887
   11.361   11.522
            0.568409 -0.197025  0.000000
  -58.737  -58.737  -33.138  -33.138  -32.896  -32.896  -32.853  -32.853  -10.206  -10.185
  -10.097  -10.072   -3.847   -3.828   -3.204   -3.116   -2.173   -2.169   -1.312   -1.269
   -0.137    0.153    0.179    0.224    1.503    1.602    4.309    4.353    4.911    5.020
    5.814    5.879    6.026    6.352    7.995    8.687   10.502   10.553   10.761   10.764
   11.466   11.495
            0.562723 -0.206871  0.000000
  -58.737  -58.737  -33.141  -33.141  -32.897  -32.897  -32.847  -32.847  -10.218  -10.197
  -10.105  -10.079   -3.882   -3.862   -3.182   -3.088   -2.183   -2.183   -1.308   -1.269
   -0.144    0.166    0.293    0.340    1.483    1.584    4.321    4.362    4.893    4.986
    5.891    5.950    5.969    6.314    7.965    8.647   10.357   10.453   10.647   10.691
   11.426   11.467
            0.557036 -0.216717  0.000000
  -58.738  -58.738  -33.143  -33.143  -32.897  -32.897  -32.842  -32.842  -10.228  -10.207
  -10.112  -10.086   -3.914   -3.892   -3.162   -3.062   -2.195   -2.192   -1.302   -1.268
   -0.152    0.169    0.410    0.452    1.461    1.563    4.330    4.367    4.878    4.955
    5.916    5.969    6.011    6.287    7.937    8.608   10.218   10.354   10.541   10.620
   11.380   11.440
            0.551350 -0.226563  0.000000
  -58.738  -58.738  -33.146  -33.146  -32.898  -32.898  -32.837  -32.837  -10.238  -10.216
  -10.118  -10.092   -3.943   -3.919   -3.144   -3.038   -2.206   -2.200   -1.295   -1.265
   -0.160    0.170    0.523    0.559    1.437    1.541    4.337    4.368    4.867    4.928
    5.869    6.043    6.055    6.278    7.911    8.572   10.088   10.258   10.448   10.549
   11.343   11.415
            0.545664 -0.236410  0.000000
  -58.738  -58.738  -33.148  -33.148  -32.898  -32.898  -32.833  -32.833  -10.246  -10.225
  -10.123  -10.097   -3.967   -3.942   -3.128   -3.018   -2.216   -2.207   -1.288   -1.262
   -0.168    0.170    0.630    0.660    1.411    1.515    4.341    4.368    4.860    4.904
    5.827    6.074    6.113    6.293    7.889    8.539    9.969   10.165   10.369   10.483
   11.313   11.393
            0.539978 -0.246256  0.000000
  -58.738  -58.738  -33.149  -33.149  -32.898  -32.898  -32.829  -32.829  -10.254  -10.232
  -10.128  -10.101   -3.988   -3.962   -3.115   -3.000   -2.225   -2.214   -1.281   -1.258
   -0.176    0.169    0.731    0.756    1.381    1.486    4.343    4.365    4.854    4.884
    5.790    6.073    6.178    6.328    7.870    8.509    9.864   10.080   10.304   10.422
   11.290   11.373
            0.534292 -0.256102  0.000000
  -58.738  -58.738  -33.151  -33.151  -32.898  -32.898  -32.826  -32.826  -10.260  -10.238
  -10.132  -10.105   -4.006   -3.978   -3.104   -2.986   -2.232   -2.219   -1.274   -1.254
   -0.183    0.168    0.823    0.845    1.348    1.453    4.343    4.362    4.850    4.867
    5.760    6.062    6.234    6.369    7.854    8.483    9.774   10.006   10.251   10.371
   11.273   11.358
            0.528605 -0.265948  0.000000
  -58.738  -58.738  -33.152  -33.152  -32.899  -32.899  -32.824  -32.824  -10.264  -10.242
  -10.135  -10.108   -4.019   -3.991   -3.096   -2.975   -2.237   -2.223   -1.269   -1.250
   -0.189    0.167    0.905    0.926    1.311    1.419    4.343    4.358    4.848    4.855
    5.736    6.049    6.281    6.407    7.841    8.463    9.702    9.945   10.211   10.329
   11.260   11.345
            0.522919 -0.275795  0.000000
  -58.738  -58.738  -33.153  -33.153  -32.899  -32.899  -32.822  -32.822  -10.268  -10.246
  -10.137  -10.110   -4.029   -4.000   -3.090   -2.967   -2.242   -2.226   -1.264   -1.247
   -0.194    0.166    0.974    0.999    1.270    1.385    4.342    4.355    4.846    4.846
    5.719    6.039    6.316    6.436    7.831    8.447    9.648    9.900   10.183   10.299
   11.250   11.336
            0.517233 -0.285641  0.000000
  -58.738  -58.738  -33.153  -33.153  -32.899  -32.899  -32.821  -32.821  -10.270  -10.248
  -10.139  -10.111   -4.035   -4.006   -3.086   -2.962   -2.244   -2.228   -1.262   -1.245
   -0.197    0.165    1.023    1.058    1.231    1.358    4.342    4.354    4.841    4.846
    5.709    6.032    6.338    6.455    7.826    8.438    9.616    9.872   10.166   10.280
   11.245   11.331
            0.511547 -0.295487  0.000000
  -58.738  -58.738  -33.154  -33.154  -32.899  -32.899  -32.821  -32.821  -10.270  -10.248
  -10.139  -10.111   -4.037   -4.008   -3.085   -2.960   -2.245   -2.229   -1.261   -1.244
   -0.198    0.165    1.041    1.086    1.209    1.347    4.342    4.353    4.839    4.845
    5.706    6.030    6.345    6.461    7.824    8.435    9.605    9.862   10.160   10.274
   11.243   11.329
            0.494495 -0.285638  0.000000
  -58.739  -58.739  -33.152  -33.152  -32.899  -32.899  -32.820  -32.820  -10.278  -10.256
  -10.142  -10.114   -4.030   -4.000   -3.078   -2.953   -2.241   -2.225   -1.257   -1.241
   -0.196    0.167    1.037    1.082    1.200    1.339    4.339    4.351    4.813    4.852
    5.704    6.027    6.344    6.459    7.850    8.455    9.605    9.852   10.136   10.292
   11.208   11.359
            0.477444 -0.275788  0.000000
  -58.739  -58.739  -33.149  -33.149  -32.900  -32.900  -32.820  -32.820  -10.302  -10.277
  -10.151  -10.121   -4.009   -3.977   -3.057   -2.932   -2.230   -2.212   -1.247   -1.231
   -0.188    0.175    1.025    1.069    1.175    1.316    4.332    4.345    4.766    4.844
    5.697    6.017    6.338    6.453    7.925    8.515    9.606    9.824   10.089   10.320
   11.146   11.399
            0.460392 -0.265938  0.000000
  -58.740  -58.740  -33.143  -33.143  -32.901  -32.901  -32.818  -32.818  -10.340  -10.312
  -10.166  -10.133   -3.975   -3.941   -3.023   -2.896   -2.212   -2.191   -1.230   -1.214
   -0.176    0.188    1.006    1.048    1.135    1.279    4.321    4.335    4.705    4.820
    5.684    6.000    6.330    6.443    8.046    8.611    9.609    9.781   10.041   10.337
   11.075   11.418
            0.443340 -0.256089  0.000000
  -58.740  -58.740  -33.135  -33.135  -32.903  -32.903  -32.816  -32.816  -10.392  -10.360
  -10.186  -10.150   -3.930   -3.890   -2.976   -2.847   -2.189   -2.164   -1.206   -1.190
   -0.159    0.206    0.979    1.019    1.085    1.232    4.307    4.324    4.632    4.784
    5.663    5.976    6.317    6.429    8.206    8.737    9.615    9.730    9.996   10.337
   10.991   11.401
            0.426289 -0.246239  0.000000
  -58.741  -58.741  -33.125  -33.125  -32.905  -32.905  -32.814  -32.814  -10.455  -10.421
  -10.211  -10.172   -3.874   -3.828   -2.916   -2.786   -2.163   -2.131   -1.176   -1.160
   -0.136    0.230    0.943    0.982    1.030    1.178    4.292    4.312    4.554    4.739
    5.632    5.942    6.301    6.410    8.398    8.884    9.626    9.676    9.954   10.322
   10.886   11.347
            0.409237 -0.236390  0.000000
  -58.743  -58.743  -33.113  -33.113  -32.907  -32.907  -32.811  -32.811  -10.530  -10.492
  -10.241  -10.197   -3.809   -3.756   -2.846   -2.712   -2.135   -2.096   -1.139   -1.123
   -0.108    0.259    0.899    0.936    0.975    1.122    4.277    4.301    4.472    4.689
    5.591    5.900    6.280    6.386    8.614    9.042    9.622    9.644    9.915   10.300
   10.759   11.269
            0.392186 -0.226540  0.000000
  -58.744  -58.744  -33.100  -33.100  -32.910  -32.910  -32.808  -32.808  -10.614  -10.572
  -10.274  -10.226   -3.737   -3.676   -2.764   -2.627   -2.109   -2.061   -1.095   -1.080
   -0.074    0.293    0.848    0.881    0.925    1.069    4.265    4.292    4.389    4.637
    5.538    5.848    6.254    6.357    8.846    9.194    9.567    9.667    9.881   10.281
   10.618   11.188
            0.375134 -0.216691  0.000000
  -58.746  -58.746  -33.084  -33.084  -32.914  -32.914  -32.804  -32.804  -10.705  -10.660
  -10.311  -10.259   -3.661   -3.589   -2.674   -2.532   -2.086   -2.028   -1.046   -1.030
   -0.034    0.334    0.788    0.819    0.886    1.025    4.257    4.287    4.309    4.584
    5.475    5.786    6.224    6.323    9.086    9.313    9.506    9.695    9.867   10.275
   10.476   11.121
            0.358083 -0.206841  0.000000
  -58.748  -58.748  -33.067  -33.067  -32.917  -32.917  -32.800  -32.800  -10.802  -10.755
  -10.350  -10.294   -3.584   -3.499   -2.575   -2.428   -2.066   -2.000   -0.990   -0.975
    0.011    0.380    0.721    0.749    0.863    0.997    4.232    4.254    4.288    4.532
    5.401    5.715    6.189    6.284    9.303    9.379    9.435    9.720    9.912   10.287
   10.344   11.060
            0.341031 -0.196991  0.000000
  -58.750  -58.750  -33.048  -33.048  -32.921  -32.921  -32.796  -32.796  -10.904  -10.854
  -10.392  -10.331   -3.509   -3.408   -2.470   -2.317   -2.050   -1.977   -0.929   -0.914
    0.063    0.432    0.647    0.673    0.857    0.986    4.161    4.257    4.295    4.483
    5.319    5.634    6.148    6.238    9.289    9.352    9.563    9.758   10.016   10.225
   10.322   11.017
            0.323980 -0.187142  0.000000
  -58.752  -58.752  -33.028  -33.028  -32.925  -32.925  -32.791  -32.791  -11.009  -10.956
  -10.435  -10.370   -3.441   -3.320   -2.361   -2.203   -2.034   -1.956   -0.862   -0.847
    0.121    0.490    0.567    0.590    0.872    0.998    4.098    4.268    4.309    4.438
    5.230    5.546    6.101    6.187    9.183    9.250    9.692    9.866   10.077   10.204
   10.365   11.015
            0.306928 -0.177292  0.000000
  -58.754  -58.754  -33.007  -33.007  -32.930  -32.930  -32.786  -32.786  -11.115  -11.061
  -10.479  -10.410   -3.384   -3.239   -2.251   -2.093   -2.013   -1.928   -0.790   -0.775
    0.183    0.482    0.502    0.552    0.908    1.032    4.044    4.286    4.330    4.398
    5.138    5.451    6.048    6.129    9.051    9.130    9.710    9.966   10.095   10.331
   10.421   11.058
            0.289876 -0.167443  0.000000
  -58.756  -58.756  -32.986  -32.986  -32.934  -32.934  -32.781  -32.781  -11.222  -11.166
  -10.524  -10.450   -3.343   -3.172   -2.145   -2.011   -1.975   -1.867   -0.713   -0.699
    0.250    0.393    0.411    0.619    0.962    1.086    4.001    4.312    4.358    4.364
    5.044    5.351    5.989    6.065    8.908    9.000    9.658    9.958   10.219   10.448
   10.524   11.101
            0.272825 -0.157593  0.000000
  -58.759  -58.759  -32.963  -32.963  -32.939  -32.939  -32.776  -32.776  -11.328  -11.270
  -10.568  -10.491   -3.322   -3.122   -2.051   -1.960   -1.911   -1.757   -0.632   -0.619
    0.302    0.318    0.319    0.689    1.031    1.159    3.971    4.338    4.346    4.394
    4.952    5.250    5.924    5.995    8.761    8.865    9.559    9.970   10.269   10.577
   10.657   11.121
            0.255773 -0.147744  0.000000
  -58.761  -58.761  -32.944  -32.944  -32.941  -32.941  -32.771  -32.771  -11.433  -11.374
  -10.612  -10.531   -3.325   -3.097   -1.970   -1.913   -1.816   -1.627   -0.548   -0.534
    0.209    0.223    0.389    0.759    1.112    1.246    3.958    4.322    4.386    4.436
    4.864    5.149    5.853    5.920    8.615    8.731    9.441    9.991   10.251   10.718
   10.768   11.174
            0.238722 -0.137894  0.000000
  -58.764  -58.764  -32.948  -32.948  -32.918  -32.918  -32.766  -32.766  -11.535  -11.474
  -10.656  -10.571   -3.349   -3.096   -1.887   -1.852   -1.703   -1.489   -0.460   -0.447
    0.115    0.128    0.458    0.828    1.198    1.344    3.962    4.316    4.433    4.483
    4.783    5.052    5.776    5.838    8.473    8.599    9.318   10.005   10.195   10.751
   10.902   11.287
            0.221670 -0.128044  0.000000
  -58.766  -58.766  -32.953  -32.953  -32.896  -32.896  -32.761  -32.761  -11.633  -11.571
  -10.697  -10.609   -3.391   -3.119   -1.794   -1.774   -1.583   -1.348   -0.370   -0.357
    0.023    0.034    0.523    0.892    1.285    1.448    3.986    4.322    4.485    4.536
    4.712    4.961    5.695    5.753    8.337    8.471    9.196   10.003   10.117   10.680
   11.023   11.444
            0.204619 -0.118195  0.000000
  -58.768  -58.768  -32.957  -32.957  -32.874  -32.874  -32.756  -32.756  -11.727  -11.664
  -10.737  -10.646   -3.447   -3.161   -1.690   -1.679   -1.460   -1.204   -0.278   -0.266
   -0.067   -0.057    0.581    0.950    1.367    1.555    4.030    4.342    4.542    4.593
    4.654    4.881    5.609    5.663    8.208    8.348    9.077    9.972   10.024   10.540
   11.050   11.391
            0.187567 -0.108345  0.000000
  -58.770  -58.770  -32.962  -32.962  -32.852  -32.852  -32.751  -32.751  -11.816  -11.753
  -10.775  -10.681   -3.512   -3.217   -1.577   -1.572   -1.338   -1.060   -0.186   -0.174
   -0.152   -0.144    0.631    0.998    1.440    1.660    4.094    4.375    4.602    4.611
    4.652    4.813    5.520    5.570    8.088    8.233    8.964    9.900    9.917   10.356
   10.959   11.353
            0.170516 -0.098496  0.000000
  -58.773  -58.773  -32.966  -32.966  -32.832  -32.832  -32.746  -32.746  -11.899  -11.835
  -10.811  -10.713   -3.582   -3.279   -1.461   -1.457   -1.216   -0.915   -0.236   -0.228
   -0.093   -0.082    0.668    1.033    1.503    1.759    4.178    4.421    4.585    4.665
    4.713    4.761    5.429    5.476    7.976    8.125    8.857    9.778    9.792   10.161
   10.842   11.311
            0.153464 -0.088646  0.000000
  -58.775  -58.775  -32.970  -32.970  -32.813  -32.813  -32.742  -32.742  -11.976  -11.912
  -10.844  -10.744   -3.652   -3.345   -1.342   -1.339   -1.095   -0.769   -0.313   -0.306
   -0.002    0.008    0.692    1.052    1.554    1.850    4.279    4.479    4.577    4.727
    4.728    4.774    5.338    5.382    7.873    8.025    8.757    9.612    9.636    9.986
   10.748   11.256
            0.136412 -0.078797  0.000000
  -58.776  -58.776  -32.973  -32.973  -32.795  -32.795  -32.738  -32.738  -12.046  -11.982
  -10.874  -10.772   -3.721   -3.411   -1.225   -1.221   -0.977   -0.625   -0.384   -0.378
    0.085    0.095    0.702    1.054    1.594    1.930    4.392    4.544    4.586    4.717
    4.790    4.834    5.248    5.290    7.779    7.933    8.664    9.417    9.444    9.852
   10.679   11.197
            0.119361 -0.068947  0.000000
  -58.778  -58.778  -32.976  -32.976  -32.778  -32.778  -32.734  -32.734  -12.109  -12.044
  -10.901  -10.797   -3.785   -3.474   -1.112   -1.108   -0.862   -0.481   -0.448   -0.443
    0.169    0.177    0.697    1.037    1.624    1.998    4.511    4.605    4.614    4.733
    4.849    4.892    5.162    5.202    7.695    7.850    8.577    9.214    9.235    9.750
   10.624   11.138
            0.102309 -0.059097  0.000000
  -58.780  -58.780  -32.979  -32.979  -32.764  -32.764  -32.730  -32.730  -12.164  -12.099
  -10.925  -10.819   -3.844   -3.532   -1.006   -1.002   -0.751   -0.505   -0.500   -0.338
    0.246    0.253    0.678    1.001    1.645    2.055    4.619    4.658    4.664    4.782
    4.905    4.945    5.082    5.120    7.621    7.776    8.496    9.018    9.028    9.670
   10.579   11.083
            0.085258 -0.049248  0.000000
  -58.781  -58.781  -32.982  -32.982  -32.751  -32.751  -32.728  -32.728  -12.212  -12.147
  -10.945  -10.838   -3.896   -3.582   -0.910   -0.906   -0.645   -0.554   -0.549   -0.196
    0.316    0.322    0.648    0.948    1.658    2.100    4.677    4.703    4.767    4.852
    4.951    4.990    5.013    5.048    7.556    7.711    8.418    8.837    8.844    9.605
   10.540   11.032
            0.068206 -0.039398  0.000000
  -58.782  -58.782  -32.984  -32.984  -32.740  -32.740  -32.725  -32.725  -12.251  -12.186
  -10.962  -10.853   -3.939   -3.626   -0.827   -0.823   -0.594   -0.590   -0.547   -0.057
    0.376    0.381    0.610    0.877    1.667    2.134    4.721    4.746    4.876    4.927
    4.936    4.974    5.009    5.039    7.502    7.656    8.342    8.671    8.701    9.553
   10.506   10.988
            0.051155 -0.029549  0.000000
  -58.783  -58.783  -32.986  -32.986  -32.732  -32.732  -32.723  -32.723  -12.282  -12.216
  -10.975  -10.865   -3.974   -3.660   -0.760   -0.756   -0.626   -0.623   -0.461    0.081
    0.425    0.429    0.568    0.792    1.672    2.159    4.760    4.787    4.887    4.924
    4.971    4.995    5.043    5.070    7.458    7.611    8.268    8.536    8.596    9.513
   10.477   10.950
            0.034103 -0.019699  0.000000
  -58.783  -58.783  -32.987  -32.987  -32.726  -32.726  -32.722  -32.722  -12.304  -12.239
  -10.985  -10.874   -3.999   -3.685   -0.710   -0.706   -0.649   -0.646   -0.392    0.214
    0.461    0.464    0.530    0.695    1.674    2.176    4.790    4.822    4.849    4.885
    5.040    5.053    5.069    5.094    7.426    7.577    8.204    8.435    8.528    9.485
   10.456   10.920
            0.017052 -0.009850  0.000000
  -58.784  -58.784  -32.988  -32.988  -32.722  -32.722  -32.721  -32.721  -12.317  -12.252
  -10.990  -10.879   -4.014   -3.700   -0.679   -0.676   -0.663   -0.660   -0.346    0.343
    0.483    0.486    0.502    0.588    1.675    2.185    4.810    4.825    4.845    4.861
    5.078    5.086    5.097    5.109    7.406    7.556    8.160    8.374    8.491    9.468
   10.442   10.899
            0.000000  0.000000  0.000000
  -58.784  -58.784  -32.988  -32.988  -32.721  -32.721  -32.721  -32.721  -12.322  -12.256
  -10.992  -10.881   -4.020   -3.705   -0.669   -0.668   -0.666   -0.664   -0.330    0.447
    0.490    0.491    0.492    0.493    1.676    2.188    4.817    4.817    4.853    4.853
    5.090    5.091    5.112    5.114    7.399    7.549    8.145    8.353    8.479    9.462
   10.438   10.892
