CELL_PARAMETERS (alat=  6.07200000)
   0.999313618   0.000034454   0.000000000
  -0.499344745   0.866069050   0.000000000
   0.000000000   0.000000000   8.000000000
--
CELL_PARAMETERS (alat=  6.07200000)
   1.004551446   0.000067231   0.000000000
  -0.501933775   0.870596834   0.000000000
   0.000000000   0.000000000   8.000000000
--
CELL_PARAMETERS (alat=  6.07200000)
   1.007969885   0.000106424   0.000000000
  -0.503608065   0.873537038   0.000000000
   0.000000000   0.000000000   8.000000000
--
CELL_PARAMETERS (alat=  6.07200000)
   1.010055534   0.000166150   0.000000000
  -0.504598544   0.875298118   0.000000000
   0.000000000   0.000000000   8.000000000
--
CELL_PARAMETERS (alat=  6.07200000)
   1.009284227   0.000155027   0.000000000
  -0.504222781   0.874477890   0.000000000
   0.000000000   0.000000000   8.000000000
--
CELL_PARAMETERS (alat=  6.07200000)
   1.002386175   0.000123931   0.000000000
  -0.500802708   0.868310949   0.000000000
   0.000000000   0.000000000   8.000000000
--
CELL_PARAMETERS (alat=  6.07200000)
   0.990609038   0.000067606   0.000000000
  -0.494966353   0.857927276   0.000000000
   0.000000000   0.000000000   8.000000000
--
CELL_PARAMETERS (alat=  6.07200000)
   0.977323083  -0.000016346   0.000000000
  -0.488399977   0.846269698   0.000000000
   0.000000000   0.000000000   8.000000000
--
CELL_PARAMETERS (alat=  6.07200000)
   0.972522891  -0.000071667   0.000000000
  -0.486049236   0.842079333   0.000000000
   0.000000000   0.000000000   8.000000000
--
CELL_PARAMETERS (alat=  6.07200000)
   0.972048279  -0.000103012   0.000000000
  -0.485839261   0.841684668   0.000000000
   0.000000000   0.000000000   8.000000000
--
CELL_PARAMETERS (alat=  6.07200000)
   0.972333860  -0.000137954   0.000000000
  -0.486012289   0.841965428   0.000000000
   0.000000000   0.000000000   8.000000000
--
CELL_PARAMETERS (alat=  6.07200000)
   0.973363523  -0.000185118   0.000000000
  -0.486567757   0.842918375   0.000000000
   0.000000000   0.000000000   8.000000000
--
CELL_PARAMETERS (alat=  6.07200000)
   0.975318010  -0.000241349   0.000000000
  -0.487593252   0.844709149   0.000000000
   0.000000000   0.000000000   8.000000000
--
CELL_PARAMETERS (alat=  6.07200000)
   0.977402935  -0.000286391   0.000000000
  -0.488674240   0.846627783   0.000000000
   0.000000000   0.000000000   8.000000000
--
CELL_PARAMETERS (alat=  6.07200000)
   0.977718304  -0.000282740   0.000000000
  -0.488828696   0.846933589   0.000000000
   0.000000000   0.000000000   8.000000000
--
CELL_PARAMETERS (alat=  6.07200000)
   0.977623828  -0.000265370   0.000000000
  -0.488766447   0.846869413   0.000000000
   0.000000000   0.000000000   8.000000000
--
CELL_PARAMETERS (alat=  6.07200000)
   0.977188909  -0.000236155   0.000000000
  -0.488523791   0.846481993   0.000000000
   0.000000000   0.000000000   8.000000000
--
CELL_PARAMETERS (alat=  6.07200000)
   0.976797941  -0.000201857   0.000000000
  -0.488298690   0.846122243   0.000000000
   0.000000000   0.000000000   8.000000000
--
CELL_PARAMETERS (alat=  6.07200000)
   0.976797941  -0.000201857   0.000000000
  -0.488298690   0.846122243   0.000000000
   0.000000000   0.000000000   8.000000000
