CELL_PARAMETERS (alat=  5.55000000)
   1.037351601  -0.000026106   0.000000000
  -0.518698408   0.898465509   0.000000000
   0.000000000   0.000000000  10.000000000
--
CELL_PARAMETERS (alat=  5.55000000)
   1.029477851  -0.000041796   0.000000000
  -0.514775121   0.891701399   0.000000000
   0.000000000   0.000000000  10.000000000
--
CELL_PARAMETERS (alat=  5.55000000)
   1.017596990  -0.000077223   0.000000000
  -0.508865372   0.881559058   0.000000000
   0.000000000   0.000000000  10.000000000
--
CELL_PARAMETERS (alat=  5.55000000)
   1.011458013  -0.000094650   0.000000000
  -0.505810976   0.876300486   0.000000000
   0.000000000   0.000000000  10.000000000
--
CELL_PARAMETERS (alat=  5.55000000)
   1.007631329  -0.000102621   0.000000000
  -0.503904534   0.872991755   0.000000000
   0.000000000   0.000000000  10.000000000
--
CELL_PARAMETERS (alat=  5.55000000)
   1.007792225  -0.000098917   0.000000000
  -0.503981772   0.873092824   0.000000000
   0.000000000   0.000000000  10.000000000
--
CELL_PARAMETERS (alat=  5.55000000)
   1.009763079  -0.000145558   0.000000000
  -0.505007585   0.874882191   0.000000000
   0.000000000   0.000000000  10.000000000
--
CELL_PARAMETERS (alat=  5.55000000)
   1.013245053  -0.000222311   0.000000000
  -0.506815051   0.878160876   0.000000000
   0.000000000   0.000000000  10.000000000
--
CELL_PARAMETERS (alat=  5.55000000)
   1.016002226  -0.000216663   0.000000000
  -0.508188758   0.880580952   0.000000000
   0.000000000   0.000000000  10.000000000
--
CELL_PARAMETERS (alat=  5.55000000)
   1.017431630  -0.000184967   0.000000000
  -0.508876026   0.881786068   0.000000000
   0.000000000   0.000000000  10.000000000
--
CELL_PARAMETERS (alat=  5.55000000)
   1.017295083  -0.000177182   0.000000000
  -0.508801024   0.881713945   0.000000000
   0.000000000   0.000000000  10.000000000
--
CELL_PARAMETERS (alat=  5.55000000)
   1.017295083  -0.000177182   0.000000000
  -0.508801024   0.881713945   0.000000000
   0.000000000   0.000000000  10.000000000
