CELL_PARAMETERS (alat=  5.55000000)
   1.052480491   0.000005473   0.000000000
  -0.526235506   0.911449440   0.000000000
   0.000000000   0.000000000  10.000000000
--
CELL_PARAMETERS (alat=  5.55000000)
   1.053326739   0.000004926   0.000000000
  -0.526659103   0.912184714   0.000000000
   0.000000000   0.000000000  10.000000000
--
CELL_PARAMETERS (alat=  5.55000000)
   1.054640487   0.000004080   0.000000000
  -0.527316710   0.913326206   0.000000000
   0.000000000   0.000000000  10.000000000
--
CELL_PARAMETERS (alat=  5.55000000)
   1.056589651   0.000002802   0.000000000
  -0.528292398   0.915019953   0.000000000
   0.000000000   0.000000000  10.000000000
--
CELL_PARAMETERS (alat=  5.55000000)
   1.058309651   0.000001541   0.000000000
  -0.529153491   0.916515245   0.000000000
   0.000000000   0.000000000  10.000000000
--
CELL_PARAMETERS (alat=  5.55000000)
   1.060035697   0.000000122   0.000000000
  -0.530017743   0.918016584   0.000000000
   0.000000000   0.000000000  10.000000000
--
CELL_PARAMETERS (alat=  5.55000000)
   1.059180841   0.000000664   0.000000000
  -0.529589845   0.917273859   0.000000000
   0.000000000   0.000000000  10.000000000
--
CELL_PARAMETERS (alat=  5.55000000)
   1.059180841   0.000000664   0.000000000
  -0.529589845   0.917273859   0.000000000
   0.000000000   0.000000000  10.000000000
