CELL_PARAMETERS (alat=  6.07200000)
   0.999490364  -0.000051209   0.000000000
  -0.499507309   0.866184334   0.000000000
   0.000000000   0.000000000   8.000000000
--
CELL_PARAMETERS (alat=  6.07200000)
   1.001851275  -0.000071673   0.000000000
  -0.500704833   0.868169082   0.000000000
   0.000000000   0.000000000   8.000000000
--
CELL_PARAMETERS (alat=  6.07200000)
   1.000067992  -0.000092787   0.000000000
  -0.499831993   0.866543424   0.000000000
   0.000000000   0.000000000   8.000000000
--
CELL_PARAMETERS (alat=  6.07200000)
   0.996100892  -0.000116227   0.000000000
  -0.497869876   0.863005361   0.000000000
   0.000000000   0.000000000   8.000000000
--
CELL_PARAMETERS (alat=  6.07200000)
   0.990309106  -0.000145140   0.000000000
  -0.495000673   0.857853521   0.000000000
   0.000000000   0.000000000   8.000000000
--
CELL_PARAMETERS (alat=  6.07200000)
   0.981007942  -0.000187994   0.000000000
  -0.490389851   0.849581261   0.000000000
   0.000000000   0.000000000   8.000000000
--
CELL_PARAMETERS (alat=  6.07200000)
   0.974279027  -0.000216626   0.000000000
  -0.487052099   0.843586901   0.000000000
   0.000000000   0.000000000   8.000000000
--
CELL_PARAMETERS (alat=  6.07200000)
   0.970007827  -0.000232877   0.000000000
  -0.484931777   0.839757628   0.000000000
   0.000000000   0.000000000   8.000000000
--
CELL_PARAMETERS (alat=  6.07200000)
   0.968983430  -0.000235755   0.000000000
  -0.484422350   0.838800790   0.000000000
   0.000000000   0.000000000   8.000000000
--
CELL_PARAMETERS (alat=  6.07200000)
   0.970126358  -0.000230859   0.000000000
  -0.484989231   0.839744379   0.000000000
   0.000000000   0.000000000   8.000000000
--
CELL_PARAMETERS (alat=  6.07200000)
   0.973737648  -0.000218011   0.000000000
  -0.486782701   0.842868026   0.000000000
   0.000000000   0.000000000   8.000000000
--
CELL_PARAMETERS (alat=  6.07200000)
   0.976981468  -0.000206266   0.000000000
  -0.488393508   0.845726532   0.000000000
   0.000000000   0.000000000   8.000000000
--
CELL_PARAMETERS (alat=  6.07200000)
   0.978014964  -0.000199541   0.000000000
  -0.488904136   0.846689158   0.000000000
   0.000000000   0.000000000   8.000000000
--
CELL_PARAMETERS (alat=  6.07200000)
   0.978064909  -0.000193578   0.000000000
  -0.488923930   0.846808397   0.000000000
   0.000000000   0.000000000   8.000000000
--
CELL_PARAMETERS (alat=  6.07200000)
   0.977761388  -0.000186466   0.000000000
  -0.488766097   0.846631948   0.000000000
   0.000000000   0.000000000   8.000000000
--
CELL_PARAMETERS (alat=  6.07200000)
   0.977325997  -0.000176330   0.000000000
  -0.488539747   0.846361973   0.000000000
   0.000000000   0.000000000   8.000000000
--
CELL_PARAMETERS (alat=  6.07200000)
   0.977325997  -0.000176330   0.000000000
  -0.488539747   0.846361973   0.000000000
   0.000000000   0.000000000   8.000000000
