CELL_PARAMETERS (alat=  5.55000000)
   1.043621758   0.000853255   0.000000000
  -0.521772723   0.901279808   0.000000000
   0.000000000   0.000000000  10.000000000
--
CELL_PARAMETERS (alat=  5.55000000)
   1.043499546   0.000813847   0.000000000
  -0.521745737   0.901379229   0.000000000
   0.000000000   0.000000000  10.000000000
--
CELL_PARAMETERS (alat=  5.55000000)
   1.043499546   0.000813847   0.000000000
  -0.521745737   0.901379229   0.000000000
   0.000000000   0.000000000  10.000000000
