CELL_PARAMETERS (alat=  5.89970000)
   1.009422931  -0.000000000   0.000000000
  -0.504711465   0.874185902   0.000000000
   0.000000000   0.000000000   6.000000000
--
CELL_PARAMETERS (alat=  5.89970000)
   1.008796336  -0.000000000   0.000000000
  -0.504398168   0.873643255   0.000000000
   0.000000000   0.000000000   6.000000000
--
CELL_PARAMETERS (alat=  5.89970000)
   1.004553376  -0.000000000   0.000000000
  -0.502276687   0.869968744   0.000000000
   0.000000000   0.000000000   6.000000000
--
CELL_PARAMETERS (alat=  5.89970000)
   0.993942450  -0.000000000   0.000000000
  -0.496971224   0.860779412   0.000000000
   0.000000000   0.000000000   6.000000000
--
CELL_PARAMETERS (alat=  5.89970000)
   0.976802378   0.000000000   0.000000000
  -0.488401188   0.845935675   0.000000000
   0.000000000   0.000000000   6.000000000
--
CELL_PARAMETERS (alat=  5.89970000)
   0.969409320   0.000000000   0.000000000
  -0.484704660   0.839533099   0.000000000
   0.000000000   0.000000000   6.000000000
--
CELL_PARAMETERS (alat=  5.89970000)
   0.961276957   0.000000000   0.000000000
  -0.480638478   0.832490266   0.000000000
   0.000000000   0.000000000   6.000000000
--
CELL_PARAMETERS (alat=  5.89970000)
   0.958391913   0.000000000   0.000000000
  -0.479195956   0.829991745   0.000000000
   0.000000000   0.000000000   6.000000000
--
CELL_PARAMETERS (alat=  5.89970000)
   0.958590173   0.000000000   0.000000000
  -0.479295086   0.830163443   0.000000000
   0.000000000   0.000000000   6.000000000
--
CELL_PARAMETERS (alat=  5.89970000)
   0.958905775   0.000000000   0.000000000
  -0.479452887   0.830436762   0.000000000
   0.000000000   0.000000000   6.000000000
--
CELL_PARAMETERS (alat=  5.89970000)
   0.958905775   0.000000000   0.000000000
  -0.479452887   0.830436762   0.000000000
   0.000000000   0.000000000   6.000000000
