CELL_PARAMETERS (alat=  5.55000000)
   1.042809473  -0.000000000   0.000000000
  -0.521404736   0.903099495   0.000000000
   0.000000000   0.000000000  10.000000000
--
CELL_PARAMETERS (alat=  5.55000000)
   1.045150933  -0.000000000   0.000000000
  -0.522575466   0.905127258   0.000000000
   0.000000000   0.000000000  10.000000000
--
CELL_PARAMETERS (alat=  5.55000000)
   1.047170755  -0.000000000   0.000000000
  -0.523585377   0.906876475   0.000000000
   0.000000000   0.000000000  10.000000000
--
CELL_PARAMETERS (alat=  5.55000000)
   1.049392559  -0.000000000   0.000000000
  -0.524696279   0.908800614   0.000000000
   0.000000000   0.000000000  10.000000000
--
CELL_PARAMETERS (alat=  5.55000000)
   1.051866097  -0.000000000   0.000000000
  -0.525933048   0.910942761   0.000000000
   0.000000000   0.000000000  10.000000000
--
CELL_PARAMETERS (alat=  5.55000000)
   1.051550358  -0.000000000   0.000000000
  -0.525775179   0.910669323   0.000000000
   0.000000000   0.000000000  10.000000000
--
CELL_PARAMETERS (alat=  5.55000000)
   1.051467618  -0.000000000   0.000000000
  -0.525733808   0.910597668   0.000000000
   0.000000000   0.000000000  10.000000000
--
CELL_PARAMETERS (alat=  5.55000000)
   1.051467409  -0.000000000   0.000000000
  -0.525733704   0.910597487   0.000000000
   0.000000000   0.000000000  10.000000000
--
CELL_PARAMETERS (alat=  5.55000000)
   1.051551672  -0.000000000   0.000000000
  -0.525775836   0.910670461   0.000000000
   0.000000000   0.000000000  10.000000000
--
CELL_PARAMETERS (alat=  5.55000000)
   1.051551672  -0.000000000   0.000000000
  -0.525775836   0.910670461   0.000000000
   0.000000000   0.000000000  10.000000000
